8793
1467
1510
6107
1978
8910
6592
5789
5880
6811
6714
5752
2377
3343
9389
6976
3128
5868
976
2847
1159
97
3195
8330
4611
4353
4086
3461
4945
3073
4538
7489
2252
496
10142
57
767
2986
5681
7311
7281
1793
2577
9198
10162
627
9825
8724
5065
5755
8564
8878
8596
2007
4371
193
3615
1696
628
1653
8890
9648
167
8297
4877
7313
6934
171
4380
1283
1045
4236
7143
6319
3562
1901
5884
5128
3815
7374
5102
6316
2397
4456
9076
4103
8072
515
7506
5678
2383
2963
5182
3866
4922
2763
2194
6271
1828
473
18
7765
5313
8167
478
995
4796
1198
41
7062
8994
909
397
2457
55
2646
5918
6667
9596
7739
8823
737
8194
4379
907
3286
257
3795
4596
4656
47
5655
9948
2379
1912
3283
2053
8848
2492
3129
2482
9224
1755
9630
5470
8065
1777
3345
8829
4095
2799
1194
6467
3577
3408
8320
9686
6722
6576
6028
3136
10021
9356
7039
6475
777
5503
5431
2591
6077
1701
454
1759
3506
4287
9519
5706
4377
1985
6430
2969
4748
4060
10278
1746
3975
4841
6269
2135
2421
6042
7242
227
9404
4433
2505
8837
5907
4788
1383
5303
5019
7748
1525
4240
7782
260
1476
8600
5040
5594
8857
7431
4566
4176
1121
7863
4943
8160
2415
8375
2784
7063
4906
9724
9231
9419
10153
6408
3686
8740
705
7093
452
5516
6300
736
8341
6505
2867
3676
8192
7874
4737
8162
7444
2275
8094
599
2193
8953
5719
2664
3597
4729
7620
8419
3142
6173
4818
8721
3848
6795
8259
7616
4670
3253
9260
5584
3962
6928
5702
8864
5571
8443
5376
5492
6902
8700
1629
9172
659
8093
5895
1726
6530
8305
6376
2900
2625
124
8815
6693
3986
6654
1840
4799
3708
1381
9286
5857
4088
5831
9721
8003
2334
9443
1773
1453
3767
3415
4875
7174
9801
6166
2
1219
8560
791
126
9538
4527
2639
8572
1403
1394
9635
8427
9395
6718
1247
4125
254
5626
1240
10067
9941
9155
10133
2553
5648
7504
6433
7126
8629
6055
7710
6083
7381
3152
5651
5824
382
255
3216
4761
6118
5676
5134
6877
6452
2158
9473
8795
8847
6983
10159
10045
3803
6762
8291
7965
2550
139
8966
3598
7461
8281
7787
518
376
549
6810
8286
10063
2932
645
9617
707
4528
3392
3502
5300
8312
317
5363
8853
2155
2203
7853
5437
1359
2762
1213
1183
9144
6736
7672
7365
3366
7187
1310
3997
5898
4106
8458
1954
1635
5559
5126
2624
221
5058
4690
1255
8943
9544
3347
8499
4570
2519
6255
2509
6404
2062
4551
9526
3196
5637
2773
1681
7399
10166
8703
4054
6650
2997
8355
1809
4411
783
1678
5756
5746
7989
1250
8939
5525
8120
1138
3730
6339
3746
768
2672
3452
9637
2542
4626
1548
3084
4078
2942
7263
8467
731
350
8774
1020
2013
1924
4014
4124
9858
1963
5072
8021
4895
6821
8615
3280
919
1203
8730
8048
83
4519
7300
8540
6697
5759
3291
6102
4802
5061
6846
5487
1055
5320
1097
9800
1844
5024
7713
4424
188
5469
7185
168
7996
8660
8879
9484
10251
1137
6820
4935
1646
4501
4300
2858
4601
9944
4148
1826
3446
5595
7862
4037
4177
4317
3662
10097
7823
7022
4771
6288
8929
4831
5556
5401
2603
6295
8240
8518
7591
5228
7795
1929
6854
2547
7297
4801
4853
6585
5563
463
8095
4258
7393
7385
1072
9269
4110
8918
5799
1366
3188
4200
3282
5379
3207
1969
3017
9730
10016
4252
4473
3672
3932
2386
7066
1171
9756
7584
2092
3116
9524
28
1665
581
6104
3264
5013
9683
67
7306
3431
7881
12
2450
8469
1062
7933
1842
1135
4999
1818
7636
6375
6871
8070
7893
7618
8399
1810
1879
8460
1801
1747
9082
2716
4373
164
10013
9646
8459
2994
9186
3753
1134
2362
9180
6507
6291
2936
2301
7802
4480
8659
2369
3942
1837
6853
800
9093
1015
4147
8742
6861
9372
4991
9842
5639
570
3363
8310
2888
7438
8893
4926
4921
5692
3823
8581
6677
4031
6681
8855
1926
9204
4852
9057
309
2581
7473
3523
3640
1942
3653
2476
9504
3462
7086
6324
9610
3743
3178
6301
3940
8647
9176
7036
2975
835
10058
3655
1875
4913
9182
2427
3261
2634
4368
3836
743
7042
8717
7746
7168
189
1913
4722
3271
6298
1273
6377
806
453
1409
3503
7891
2090
8631
9708
5038
4705
880
6123
5981
1404
1201
6989
7514
1226
316
7670
4096
10267
8904
6829
648
9627
1075
3424
1365
7380
7103
9615
8397
6332
2726
9736
8580
5169
9725
4365
7277
727
540
2663
5979
5650
5701
583
7488
4468
7512
9670
5534
10271
5999
2909
3609
2686
6689
9687
8049
3994
920
4879
10024
4181
7999
5098
9013
8937
1894
4186
5265
9925
631
6162
8708
7344
4555
9350
3737
6834
7564
2868
8609
4552
408
9638
2665
10011
3916
6154
2317
8685
9794
6728
6753
5697
1280
1029
5299
8196
203
5715
387
3592
9555
431
1601
9200
2560
8169
9688
5744
8227
1486
9547
6823
4090
3248
2006
3180
5288
8199
1760
8683
5575
854
2929
8119
601
6388
6571
7355
5151
6139
206
953
8607
1918
4631
9897
7440
4082
1027
3666
8452
2456
2146
7420
7914
1599
4627
1092
4795
4971
1946
9151
9044
10040
6203
6014
9782
2363
1922
1600
3201
3205
3806
9321
7681
1374
6570
2408
7248
6785
3627
3802
1529
1802
9915
9079
4028
1524
900
634
2557
8124
8346
7745
7071
4270
2962
3315
3978
426
10046
848
7173
1325
3533
6648
9111
4663
8044
5680
6971
8551
1709
9930
6801
3012
1050
8887
1574
10181
8364
1957
8294
2566
7712
8871
2574
2323
3954
2810
84
2626
4163
5192
3733
10249
5027
4401
6157
6011
4520
2789
748
8728
10107
2028
5119
1908
6244
4323
3403
10008
3630
8420
8385
3044
7806
94
1707
6951
10211
6756
274
9862
9223
179
5091
752
302
1478
1663
928
2689
9886
0
44
7990
3657
6328
4624
6914
4529
4023
7586
1270
7189
8350
3761
780
6552
1884
5429
7370
6223
6318
9263
5112
740
10191
4175
6256
3292
4155
1405
5296
3879
6558
5078
6919
9045
214
10207
3234
4427
5641
7006
4593
4683
8005
6911
5761
5930
9113
3656
10245
1857
4706
9717
7757
2679
10157
942
42
3927
1101
9658
2488
6511
3058
2148
3505
9522
8715
3460
3373
6563
8869
334
8007
6149
2435
3173
8710
2741
7847
522
4636
10134
3899
507
6832
5849
2640
10047
1074
4923
7301
494
7331
3401
8436
3603
3606
9169
4030
4830
6737
6024
10087
8514
801
3924
4042
8993
3870
5888
6962
8503
259
3034
9053
497
3444
7571
4716
8184
9070
6466
3512
8796
3127
2660
2376
5285
3526
443
2981
6551
3731
1781
326
1061
104
6152
5333
2197
9723
9546
8597
1617
1631
3897
4002
1214
2747
2003
9162
5121
182
2849
4081
1862
6292
1158
5093
2438
4495
7328
7008
5270
3260
879
4221
2284
5247
3206
4157
6905
2083
543
4138
725
5318
6188
6438
1967
4267
2972
10128
9037
1094
2992
9793
7742
26
5388
9826
6981
399
7650
661
7715
764
6277
1534
2405
8213
4229
1337
210
5352
8891
9696
8731
1986
7639
6395
8111
8401
6674
6370
7559
2039
1838
5442
5101
8900
5565
6178
6532
8498
5056
5545
7734
703
5911
4869
6369
7848
2176
3302
9634
2711
2691
913
3139
4893
4915
10272
5074
4223
2510
5045
8133
6933
4794
3637
8080
7352
894
7409
10130
3960
8577
2042
505
6457
3376
4792
3388
5410
3378
541
6132
8651
1715
7811
9290
2285
4470
1154
1481
1113
5451
6482
9469
2643
7298
4778
5902
3680
4485
2821
8042
4563
9479
2452
5776
4685
7525
7585
2021
5048
8191
7997
4960
7798
8239
1035
3649
2582
3167
9466
6340
6705
6855
8519
2651
486
7826
684
143
2595
1110
5004
81
6227
4063
6329
4509
2101
9033
9392
4387
7356
4047
10200
4013
9624
1893
2172
2483
3246
3293
2030
7849
5309
929
3934
1892
3511
8599
8554
4145
6473
5076
1673
7021
6529
3422
9732
10216
2878
380
2960
2195
7320
3364
8363
1633
6100
7483
1720
1556
671
6217
3279
360
9566
8584
3096
6035
1181
6297
8802
3331
2411
8203
5218
1089
10103
6618
968
8197
1329
9002
5785
7991
8278
3740
9911
2147
7565
7548
3863
8344
7077
7875
6496
6122
2292
5136
8940
9916
9867
2891
2562
4924
1515
3527
1026
8574
7709
8219
823
4598
9894
242
577
4046
4983
8828
9302
6378
8884
5661
6183
6040
6253
7082
8530
4241
3287
3821
8868
6270
1096
1354
3369
4753
8612
7515
3130
7663
5698
4500
8962
1867
4857
8279
3610
6429
4659
74
2109
4872
6658
4770
1905
4759
8841
5769
8642
9863
6010
4202
1460
7580
8981
867
423
4233
2296
7685
3719
5711
3476
5006
9796
4968
7408
7776
6315
10219
8468
4277
2934
787
2863
6870
9021
6250
8188
170
5974
8711
8340
2698
8686
8380
3651
6924
3840
4889
4332
5964
960
8132
6524
6651
6777
10179
1975
1128
3056
1241
7161
1523
5271
10259
5833
5239
6619
8790
1084
9114
2001
4884
945
6868
1625
6789
493
4313
4232
9844
3332
346
3515
4581
2401
7944
5202
759
5850
7149
1420
6743
6392
8549
8923
4655
3587
784
5838
7900
5203
1618
5802
8171
1288
9230
5904
6500
8501
7095
1668
7956
8351
6258
9268
8776
3518
8347
60
1558
8016
9885
2926
2271
6888
6781
1079
644
5036
5750
3395
2964
7535
10246
3236
318
9237
9378
9259
1172
3004
7270
270
8010
5160
427
39
2708
9876
6280
3475
379
8914
6240
534
1237
2165
2495
9699
7127
498
663
3432
4787
3996
5310
2116
6079
3021
5791
9142
3393
190
845
49
7822
3097
5234
166
5760
7530
8566
185
3742
9881
6274
3594
6840
8439
8272
9209
6889
2903
2662
2103
10106
5415
7452
3989
5586
2315
5787
2571
2540
1824
1371
5638
8509
9103
7845
3628
8337
7562
6754
9830
8235
1429
7482
716
6517
7089
9163
6468
10232
1307
7329
4911
6796
7967
5798
75
8413
2649
7031
936
2447
2832
8950
4885
4278
7943
1458
9987
6398
6343
7493
3531
10227
2601
5432
6406
1225
4275
266
10277
1095
9184
5829
5941
9581
6827
6992
4419
5649
4990
8861
4391
5110
9173
4829
1675
9805
7581
7075
5336
755
23
4806
2251
8292
2016
2126
8906
111
5235
3071
9218
2920
1757
8404
717
5931
4015
831
2611
458
9437
8082
7697
4131
1133
5250
5043
4306
1272
4280
7912
420
5105
265
5427
820
810
8768
5497
6082
1419
319
2744
10000
5370
10252
290
3036
9089
2988
2583
2917
8207
3126
2084
4648
6957
6501
3381
6912
655
10204
9380
8576
7017
1845
4452
6734
9283
4276
5713
6568
7947
5033
4316
559
8748
3326
4439
7827
6283
3342
2754
6000
8372
8414
8517
3490
2859
5403
4550
966
1200
2912
5186
4261
5358
7315
9913
6422
8649
9786
7832
8237
8150
9165
8464
6096
2588
2049
5937
8863
8809
10233
6249
10243
6508
1974
3969
3988
7146
153
5505
1580
355
4679
6435
6859
8960
2918
621
990
5948
3586
1064
3855
7679
440
7597
2883
1708
963
9276
1511
3830
7870
3922
8417
5846
3117
8183
6221
9311
3273
7316
264
4370
9502
3844
8643
6752
3091
7815
7353
2125
1983
9639
5643
7624
9381
5714
6421
6416
4022
2225
1379
3913
7090
3837
3284
4898
2813
1648
5997
9064
7770
4185
7136
6261
10196
4810
6234
5053
786
3763
6794
7332
3176
7568
4826
2608
617
3762
7517
771
3425
3184
4428
3098
6246
7124
4961
3210
3100
6604
9343
2047
6669
7055
1798
8424
8205
2439
9579
3309
1657
8336
4974
2764
9590
5959
4723
71
5085
289
1991
4378
398
341
9191
5028
9043
2737
7262
2095
7490
979
87
8381
2688
10034
2060
3146
828
6567
10223
4398
9548
9373
1234
508
8143
9577
5636
6420
4725
1521
5205
7537
5557
5630
6356
5991
5886
550
3687
1495
757
7405
8282
2742
1456
8302
1451
8989
5652
7334
2381
8605
2490
1077
4237
9250
3778
8295
9895
4925
989
1444
4989
4805
6093
7501
4747
1217
4187
2848
6273
1878
8627
638
1864
4657
4535
6303
5520
444
5560
4273
6519
3384
3974
8190
3043
4731
6160
7072
6620
6977
1306
4758
8176
4324
7864
6866
5148
1475
8447
3027
2846
694
4429
459
3781
6657
8135
233
2045
8536
5610
5426
4462
9366
7898
5204
7566
3278
8955
6666
1438
7020
10050
8998
2804
10051
386
6874
6831
758
7542
8714
9575
2080
4868
1127
10185
2065
7877
6153
1210
5008
4250
9110
8661
2144
4997
404
3936
10027
6724
7479
2407
7720
2974
7801
4129
9442
4205
6560
6642
8061
9574
5705
2190
5899
7318
1883
8053
3542
9065
6939
3738
2336
8507
2466
4928
3553
836
3675
4314
8930
4281
1345
340
9461
9146
10060
464
5853
1550
32
2937
5658
6907
285
1410
9595
4400
7937
7951
2676
6363
2890
8129
4327
5828
5214
3147
3793
6275
3580
78
8168
7604
2669
8165
1931
10171
10282
1866
4733
697
4837
6843
8475
1009
7657
369
9823
358
9414
1638
7145
6590
8806
2040
5986
9859
8400
1356
8553
1191
10
5624
343
7690
6798
3002
7471
6537
8275
9004
6898
1602
5599
1588
7034
2236
8023
1153
8787
5468
2855
1167
8515
3910
5279
5064
1006
8971
1822
7170
6282
8157
6330
7019
1989
6371
428
5788
8849
7029
16
161
4348
10116
5111
3239
8524
7758
5411
3790
3508
8086
68
9453
10094
5327
642
8589
4307
1043
6041
2478
5562
7382
9715
2533
8801
7694
1965
9050
3090
8368
6061
6645
5866
9100
9652
2418
2246
8974
2143
9393
1639
8456
1406
2685
3658
3334
8274
4762
7107
8308
5611
9655
3959
8765
7121
291
6816
6437
582
8236
9470
8329
4238
940
8261
9367
4166
1830
4583
5864
3290
7633
9891
7032
2904
6938
1718
1249
2732
1817
2137
516
7722
6583
6080
7351
247
9282
7273
4594
9795
9810
1808
3661
3498
6402
7644
4026
7132
1614
6204
9851
2138
3677
988
6290
8733
8163
8886
4364
3307
6735
3878
3766
2496
9008
5987
4479
7998
3223
5084
9754
9491
1140
8720
1841
6029
3232
5260
10101
2922
8620
6692
3110
7587
5081
8528
10184
9365
606
9988
4299
7868
5421
1344
10193
9608
8619
4956
2178
5273
8927
9256
4612
1328
5938
1147
3168
4057
5063
4618
622
9940
8125
2312
5378
4489
365
4422
9368
556
1174
564
5389
746
6124
5272
4777
5809
1660
4606
9387
6347
6897
5255
4973
773
4004
2130
5732
301
4245
5726
9334
8591
5521
6573
3745
7279
8268
7623
8492
9472
3574
1056
9005
1269
6150
1482
8441
4734
116
3772
3087
8761
2896
6459
5859
8001
6194
8602
901
8208
2243
1761
554
3026
6486
2068
8942
9731
955
1806
1576
598
8807
2620
6580
9807
8345
232
3903
7635
973
10025
9873
9248
10085
1186
9753
9449
2667
2818
7647
4308
3914
4243
856
4435
8963
1192
6034
2117
9529
5461
3268
3213
2838
1788
105
9779
8090
7109
5740
9813
10029
3956
8562
3156
1649
8343
677
7291
4887
9238
3070
5830
8366
760
2112
2857
520
1023
5405
9483
6980
2436
8104
3007
9972
3616
4576
9157
4689
3458
7104
9840
1132
2725
414
435
8995
3200
1722
1945
7243
699
3693
5733
658
4161
8081
1909
6991
6875
8617
7760
4953
881
1490
1433
9996
4783
7142
413
3468
6341
789
592
2067
8529
1395
9868
85
1794
7188
7364
2048
8985
5462
8925
2901
7948
4167
7449
10100
3895
2373
2504
9875
8045
392
3158
2856
10041
6979
2985
1559
6091
1839
2082
3015
7925
10086
70
4119
8968
3022
932
7518
10241
728
217
3209
5674
4133
6022
9221
396
2076
4586
9344
961
2448
2636
6053
4905
2175
1413
4153
7992
2954
7916
7455
3976
5773
9285
981
4459
683
1754
2995
3756
2127
8845
887
7044
6646
4533
6214
866
6893
2349
3374
6232
9539
7918
827
9563
3059
3583
1300
6444
7959
3023
3689
356
3174
10117
6856
5717
6049
2367
2788
6776
8789
2055
6978
5603
4465
9671
9854
8850
2124
8744
7
8051
744
815
3208
1687
9190
8352
2642
2653
5172
7791
1012
2387
980
5894
4034
5002
9647
1671
439
9659
9700
2715
7258
4385
6769
4608
3561
7894
2242
7115
9456
1320
5337
5039
4415
3521
8318
8653
722
9931
4443
2705
898
4784
9109
6925
8217
9071
7411
9087
4144
8527
5593
1567
4256
6030
7228
2338
9540
4982
403
7884
9778
3552
4173
8948
578
6557
7267
6144
9236
9882
9371
4033
5508
9860
7376
7960
9618
4604
3555
2402
1314
2050
6224
1442
6591
1654
8979
1620
4985
4754
4986
934
1081
3891
3841
8999
5125
6007
5647
2717
10053
8909
2205
9605
9645
8889
9304
535
1699
7895
3045
6844
10129
2141
9416
8785
1745
1512
8977
5699
449
9553
6606
9591
5812
5372
5561
7582
4873
7486
7417
3263
2231
9313
6779
3333
3150
9325
441
103
4504
4431
10120
4215
895
5631
8875
5640
2874
9523
9660
2897
1182
3624
7197
6824
5399
1615
4335
9124
6491
536
286
994
10112
3600
4532
985
6489
4691
6993
8251
8628
6589
832
5905
3991
660
4735
9955
1190
5173
7852
3631
3464
6345
4293
1080
7622
9207
9189
1385
6623
6647
9117
9014
10009
1376
8079
2498
1537
9656
4548
6242
6808
4359
8894
548
9016
1813
9501
2192
7907
419
7926
611
6323
9101
6771
9570
8561
9816
4432
8992
4337
1024
1108
314
7904
9953
8395
2968
10080
2359
2089
2710
243
1800
1139
5115
2035
6379
4464
8670
9376
5037
5553
8353
3964
4916
4579
7464
112
886
2522
9792
4024
1996
1262
1891
3217
9040
3990
1166
8039
6487
6158
7692
3215
10111
2151
3860
4839
7569
6607
6539
6441
7949
1304
5786
2839
8173
2430
7272
6797
244
3481
6506
492
7736
10123
5602
2235
2240
7432
2480
6943
5757
10125
6738
4397
5344
280
4346
7398
3319
6169
3871
1732
4040
6368
6005
7575
8158
6390
10032
364
223
2018
5414
2321
6629
2706
138
4768
8097
406
6427
7475
3387
2150
6864
3887
9333
7400
8539
9135
2303
2306
6098
962
6068
603
1060
1623
9857
5127
4628
512
4384
6748
5483
3544
4835
10089
8934
2561
2191
3231
51
1807
4684
93
9451
4226
6549
10148
2572
8269
4764
6768
2768
9773
1054
6727
6841
2046
8052
2200
8954
4201
5977
215
1683
8233
7693
6566
5587
6805
1207
975
3011
7416
8319
4366
5943
6678
9299
4588
8357
6187
9145
862
6006
8770
6862
1705
6470
5023
6346
9831
8921
5612
10105
4782
9477
2701
4328
8488
2107
9211
4217
8311
4179
2378
1607
6847
1605
2967
4159
1888
4282
8290
9650
4257
89
9766
4808
1318
5578
2171
7458
5194
2829
3568
8640
7474
8472
6490
4908
6632
5092
1068
9400
2230
3674
7106
3419
234
3546
5970
6498
2569
2524
4816
625
7460
6733
9095
6802
8832
2836
5848
2928
1431
371
9685
1907
4717
7144
1721
8705
2260
8920
10093
7987
4408
2356
7764
3227
4645
6747
812
19
7724
3755
2079
4511
9293
6908
2364
3170
1236
9979
2984
2702
718
3211
8946
5526
5116
9927
2489
231
8913
5837
9320
4130
9992
4963
2650
1416
5014
9410
7138
7563
4407
3724
2449
5834
9515
7386
5540
1587
6584
6165
10127
5455
8746
1303
1008
4832
1834
6793
7326
129
7642
6175
4813
9363
5357
9588
7101
7084
3191
4304
8015
10262
4000
9438
2102
2352
10037
899
3428
5233
5168
4444
4497
9264
1352
4141
3892
7915
4311
4694
9950
3985
2945
7092
8403
8432
7983
4214
7141
4116
8797
2211
4929
3133
1040
4099
6595
3362
7030
7453
6525
4392
3880
2668
9937
6892
4213
7357
2729
6281
8912
5144
5923
6012
7407
7278
1977
5952
5137
2234
3114
9829
4193
5568
1704
2906
1204
1503
3827
9718
2977
7074
7857
8840
9680
9314
5900
6335
7295
9990
4909
10228
1296
5050
5017
2058
8454
6940
9788
4871
3919
1769
7275
1835
779
3089
1003
657
9063
88
9351
5443
7158
2302
4305
8623
884
1910
6155
6526
5747
1047
1539
6200
1483
2005
5805
1655
11
66
3360
5347
10235
2616
4114
9691
3394
9105
225
2024
3048
6547
1162
3198
2879
7137
8587
3619
393
4780
6830
5572
1462
10284
2599
897
3813
4619
1021
7767
10168
5108
7856
448
8394
9789
7910
3617
3987
3933
5262
5359
2010
4603
632
4863
3928
3064
2100
7601
5217
636
9905
6259
5511
4344
7156
2801
6164
6418
7296
9641
6081
5724
7727
384
4858
6812
2916
2514
8613
5479
1971
7094
80
1434
1052
4918
7714
1327
6415
499
1268
3953
2159
62
3494
3937
3488
3967
2654
339
3982
4291
4677
7251
3220
7539
10276
9183
6903
7522
1640
3049
7403
3660
8391
1287
1107
2255
2700
8471
6964
9036
563
2877
5055
4319
9030
5458
3851
1765
7682
4678
509
10263
4196
1572
2209
5819
7695
7304
6896
1071
1440
3182
7516
4565
692
7492
5181
7716
500
7950
8866
9362
3791
5942
8365
1960
9339
2955
5473
2163
2170
5618
4883
1504
946
864
9880
2536
4719
199
482
7133
10118
3249
4136
10161
9545
2944
3604
9506
2515
2305
5928
6596
6987
2469
6723
2014
6818
2831
2905
10078
3929
3470
6086
5524
9041
5149
6636
1338
1184
2727
710
6653
3016
5147
7919
4949
3075
218
3999
7942
1998
2632
6094
8075
610
9427
7526
3517
5955
9689
1100
6090
9938
4151
4169
8225
8779
1728
9288
5441
10237
2374
712
8323
4695
9327
4079
6409
7401
1743
5935
5029
10174
1435
2361
3635
9429
6432
9542
6469
1583
4938
8027
4756
9486
6759
2258
2335
3341
4942
5841
2587
1378
1598
1993
2174
1980
8786
2870
5646
537
668
3245
3358
5292
7343
2590
8234
9128
3868
9673
8253
3135
3270
1820
2970
6670
2324
2131
2529
927
3935
4207
7772
1789
3611
1316
3608
2451
1033
9742
3417
141
8102
54
7993
5801
9234
1914
9747
7033
503
5736
926
2892
7378
7966
4048
567
2746
1019
4854
2023
383
1689
6838
5597
8127
4568
2128
2499
1445
7484
7658
8915
5374
2002
5087
5784
6641
8421
96
8206
533
6050
9625
1714
9346
6518
8033
889
5266
7285
7876
2119
9719
5869
1011
7360
2548
6637
8876
6352
4194
2766
5071
7723
5832
268
651
8109
4395
8534
4420
9177
8434
8976
6601
1291
6708
5767
6709
9262
3584
4671
7529
756
1915
1202
6711
10061
7347
7078
6990
9354
6002
8137
689
4718
7908
7177
9382
7001
579
6690
7656
8907
9023
9904
272
3699
839
3028
5054
8493
7922
4995
134
5972
793
3354
4251
36
8118
652
7276
7069
6364
2177
6018
7088
4
4707
2777
8641
5922
4272
9495
3134
4009
3831
10049
9768
7152
8387
4017
4933
733
6071
8262
4917
7731
2931
7070
2106
8713
1727
3344
9900
9503
250
2511
2554
9853
5175
9277
4847
9493
6302
9295
6661
7247
1067
3410
475
2202
4171
7583
3718
8174
3396
2827
8316
597
1944
6481
2655
5293
3794
9255
1970
4651
609
616
8059
1124
2066
4341
1286
4352
2256
1670
180
837
10005
7927
9995
7579
3807
8745
3235
220
8997
8126
3641
3859
662
4430
8696
1126
7120
5162
2899
7397
1763
6512
1899
5281
8545
7551
5546
6087
5390
5822
9535
2738
7645
1771
27
4739
2623
9739
7009
295
240
8214
7946
3466
2886
7701
1927
8138
2898
3372
10104
7007
9628
9331
4876
8666
3106
4100
6644
8204
4143
957
5592
5068
3971
4351
9802
2355
3407
2555
98
22
1936
9957
1499
8435
8935
9741
5861
1859
7373
830
8818
5488
5528
1301
2244
868
5983
4554
2996
3081
1664
7392
1493
8737
687
2544
6285
2885
7097
3459
3545
4454
6174
1142
5642
6527
8690
3941
344
5549
8679
9865
870
2521
9185
808
4914
5251
10014
860
4534
8043
10109
9586
6881
159
8241
949
287
6731
9974
9152
10160
8712
7294
7413
2428
9716
9898
5574
7979
602
5498
5163
528
5876
841
9497
1299
9460
7456
9740
1156
9922
9134
2703
8557
1179
378
3709
3536
2017
2278
5154
1933
7379
2652
5207
483
6612
2164
8195
3014
4930
1716
3858
5360
3539
1163
5229
5456
6
7024
8193
6209
2410
6662
924
6439
1044
9966
5881
456
7335
1730
15
7238
9511
5765
838
7771
2463
2559
3947
2168
7841
7215
9099
4451
5958
6772
8258
82
8565
3120
8084
6143
7684
1141
9475
4842
1627
9722
1230
3449
7844
9421
1233
5062
8908
1336
9921
466
4686
2041
8870
1641
5396
3288
4204
9455
10102
2824
8489
9240
629
527
9254
4779
7619
3703
8156
531
1350
9797
6228
7206
5449
1000
10146
8144
7016
2182
9459
1111
6047
3952
7588
8014
5576
5177
4524
263
4345
8409
5723
5130
3418
8500
6706
8881
7422
5804
4101
2471
4714
8099
1161
5538
3297
2677
9777
5289
1332
3274
37
9489
5700
10066
298
4967
3005
5737
5708
8662
7114
2731
1246
9398
8449
1596
279
9734
4859
9791
6354
719
1430
7835
3375
5777
7614
10253
8751
4700
9889
7809
7774
3125
6111
6019
8888
5471
1189
6955
7653
6089
2622
1487
6222
2750
3303
3228
4751
8892
9280
4699
5321
8064
4222
3900
5670
8546
8058
7199
8926
9112
7004
6817
3520
6788
3588
2925
3873
3670
9706
2694
2880
5143
1093
916
2316
2283
2263
3579
1766
8116
3479
9396
9695
5195
3749
7244
6325
1530
8811
9815
2061
10069
1930
8969
8775
1882
9505
8396
8074
4817
3108
6394
9665
2627
1485
1109
10152
9920
2837
5371
3729
1658
9336
1925
4268
8552
7527
5059
2224
2394
5485
8821
2619
5189
7598
10038
4682
2388
6729
6233
9148
6757
2322
8121
8494
10180
4064
7325
115
2943
1575
6344
145
1569
5840
3668
6021
4701
5605
7497
2027
4980
1911
10150
3599
10028
8177
915
3281
5615
9806
4010
3792
7541
7324
2699
4320
4987
7322
6758
10164
9843
6156
10224
996
967
222
3664
3998
613
1423
1477
8266
10220
8223
8060
7002
4861
6127
3335
4919
1415
6712
1682
8115
7718
4227
1816
3008
729
10194
5675
6639
7719
8
2277
10240
2950
6317
2811
7775
1885
6106
3898
8782
7377
4892
2245
3435
1245
3078
5073
2753
6039
2939
649
4673
1622
7153
5161
9899
3478
3721
6918
2328
2120
9161
4948
538
5906
4254
3711
6260
7854
9316
2093
5775
690
2226
144
8882
484
2086
2215
3323
3720
1180
4333
1278
8718
5685
3980
8582
2830
304
3501
6057
3233
3477
969
6660
4992
1063
3258
7235
2220
7260
1185
10212
8098
1703
7576
5871
4231
4073
8753
2272
6561
5428
2222
7602
6443
2228
4516
10099
5975
9433
3456
5005
219
4864
4755
9963
3327
1692
5422
3025
5684
1589
10265
20
6509
5826
5887
6548
5913
1650
9601
6193
3154
7005
9193
502
5679
6134
2834
24
9244
4635
6965
3105
8012
5122
7523
544
4123
8040
9131
1260
5949
1995
9156
424
4888
6067
8107
10173
3532
4089
7186
1443
6556
2775
7553
2576
4870
10033
5267
4051
4113
1313
3786
241
2722
7834
4814
1642
76
7817
5872
4703
5103
3242
5852
7643
3057
5993
9906
3349
3907
6974
4441
3068
9074
6138
108
6465
3322
4074
1242
2345
9926
9849
9201
6960
2600
905
6997
9848
9306
3052
8392
9820
2568
9846
10002
4027
2517
2036
2249
4744
2840
9125
1952
2923
8652
1561
3219
8817
5893
2752
3109
5241
8025
1362
9102
4190
9834
4334
5728
7224
618
2134
5225
4388
8533
4824
6982
48
1372
5306
2853
252
3646
2497
4083
9370
8510
3654
8198
6374
2865
6085
4773
9383
1870
9174
4812
6611
8348
4584
9720
10163
902
9386
7556
3495
6488
6337
5212
288
9212
4072
9583
2085
7254
5106
4158
619
9178
861
7836
3060
10082
3905
7358
5434
2618
9822
5176
114
6880
9364
8851
2500
3775
5007
5621
1695
8418
552
8567
4720
3485
8826
2930
6287
7375
751
9247
3035
4149
2375
7496
3179
8924
2794
9203
8805
9530
608
4102
5185
8830
3409
9817
8462
6599
7383
4382
1384
3020
7543
7462
7761
8750
10090
3062
2325
8555
1285
630
3582
6308
305
7025
4959
5107
7750
7676
3124
7191
1065
9856
2473
5089
7595
7406
2274
4855
2189
5940
8588
794
1784
4189
1377
8482
6451
9229
6901
2745
6485
7831
6210
1869
3138
5971
4016
7612
2535
9661
7240
3519
6450
3489
3169
10113
9698
4798
6986
853
7638
9787
2684
4902
7436
2218
4856
2288
5536
1267
958
6037
6112
9222
2806
5254
7785
1437
7116
9814
7678
3265
6207
9441
7346
2843
4019
7083
2787
8961
8983
4390
2166
4121
4053
2959
6171
3308
4849
7111
3685
10055
9130
4389
7615
7611
9133
3085
7046
353
8328
4376
4559
21
7445
2444
5501
3164
8054
10098
2872
3854
9216
9912
5825
1030
2201
2979
8504
816
803
5454
9702
6586
5486
3514
9704
2983
7546
1661
4903
9391
6184
6999
213
1364
9855
8322
8719
8938
5653
9329
9657
2423
471
843
7821
469
5882
8359
8161
5818
3400
3254
8842
9760
8844
8362
1497
1710
1785
2133
8604
2309
7557
8151
7450
251
8570
2844
7226
7337
10054
3695
1090
6181
3691
4285
8681
9604
1900
7788
6715
9069
9749
5797
1724
6064
3765
5174
9654
5438
2862
726
6170
4003
3846
7903
9167
7911
1938
2199
4607
8704
3493
4059
9733
7338
9084
9279
3329
7673
2104
7962
5369
511
1098
986
4460
4374
2527
8382
594
7319
1832
6306
5109
5915
5515
3727
7819
430
1528
1005
7511
6331
3140
9758
5345
4727
4446
1509
6238
1752
5820
9901
79
4494
4049
911
7625
6652
7180
2081
673
7855
10156
547
7659
7534
5404
9003
7468
682
1146
1787
7558
9664
6649
415
3735
450
3402
4850
1494
656
3808
2299
10010
5166
9405
7395
3884
1231
6575
2033
3697
1725
829
7308
2516
2057
5795
10108
9989
4109
416
1349
6116
5779
6198
9355
6778
9668
2671
4134
720
3667
8484
5171
9827
5671
9217
1585
3397
7175
1218
5097
7012
7252
1669
9039
5796
7038
1753
10155
6625
2628
2179
523
5489
2330
983
2908
7457
5030
7135
2721
7287
6848
7879
6930
10199
3957
647
4815
9714
732
1712
4413
402
917
3796
2181
1526
7913
277
2348
3370
6458
3812
3018
5925
6634
4941
4340
1568
850
1333
7631
713
4740
29
9273
5304
3926
9061
7478
5269
3225
3565
8583
1426
9407
7574
2786
6884
814
6948
10250
10266
513
6807
9317
4622
207
5139
8622
9175
2380
6588
8885
5340
4654
9448
555
4836
2064
101
4199
2552
2310
4505
3162
5555
5417
6894
418
4704
3212
3537
8209
1609
1041
2913
8361
7970
3639
2633
918
9919
312
9360
3141
9115
3524
7666
9970
7762
7969
6078
2393
151
9653
8749
1506
73
4642
9597
3190
885
3104
69
5283
9576
8254
10137
7540
6103
8759
6721
2675
6773
2971
2472
1849
3832
9607
1632
9007
1693
4045
4819
2454
1457
5875
3612
10229
9281
6097
724
7119
6680
6199
539
1311
7735
9390
4557
5532
6783
2578
9622
8009
5301
3269
3361
833
1143
2458
8693
6414
6478
6073
8548
6872
4062
2167
3009
5967
4224
8638
3241
4660
3371
7976
1331
375
9440
5209
8982
9762
6803
8936
3000
5132
4886
8541
230
381
6084
3541
9877
3797
7572
1037
1831
8497
734
3620
984
2031
643
3777
3783
5380
2446
5600
4174
1767
3776
8367
374
8407
7108
3915
1078
9196
1819
7621
1205
9345
4774
9517
7249
7222
7691
9136
5566
970
7887
3122
7851
1904
5591
9078
7561
8633
3970
546
10238
9536
704
8858
2666
9798
7603
7805
7159
9415
3917
9388
10026
2728
8706
9707
9871
7508
5634
3748
9375
417
1586
6236
367
1847
8415
8810
6760
6262
1736
468
2269
2790
2755
7668
9713
9337
3704
10273
1959
7730
6119
4954
6643
6004
1363
8139
412
1178
5721
3647
7669
5153
5583
4061
6949
3972
4638
155
9242
8608
6185
5146
8083
5771
3340
6161
297
3038
1733
3636
9750
7858
9613
5870
208
9962
7799
6685
10073
7384
8087
4547
4120
5184
3707
10206
708
9534
10092
5693
7195
8416
8179
2265
3357
6849
9195
2440
1508
4629
774
5957
4234
8211
7227
588
7545
8477
4455
6922
9599
1016
6694
2097
6890
3845
3221
5772
10285
8933
1917
2087
5727
8041
696
2585
5240
2477
4633
9409
504
8130
5366
6455
8431
4209
4461
5982
7660
2502
3886
10139
2852
6791
7813
4274
8505
6358
2826
9737
9743
1220
8020
6235
4965
4182
2736
2783
6208
7099
7155
5311
2539
9073
9121
5022
4662
3404
2467
952
3299
7068
3252
7469
7728
5499
7592
3031
5463
8911
5690
7696
1117
6763
7302
3909
6574
1543
8674
9745
7929
5167
9998
2911
2567
2460
6659
7640
834
1992
7628
1698
4417
593
8872
977
3744
6696
7741
5329
8523
5590
9818
2239
4172
3581
6605
1222
2758
4070
6626
2396
328
8618
4639
3819
1341
3736
226
8603
7986
10003
9943
4183
5522
7131
2395
4440
6186
8089
3040
8755
5049
7608
192
7349
8621
9318
4927
7705
5742
10195
1872
8166
6387
944
7018
1610
4150
3320
3069
2319
4474
2947
9215
5402
9934
4553
6477
1880
7871
9086
4838
8922
3186
993
1738
5332
8978
4399
7309
8122
1843
4525
2487
3591
3039
4931
1953
5026
855
1224
9677
137
1157
9394
3787
9541
5444
2637
8006
10136
9235
9028
269
8073
347
3398
6603
624
6687
6858
8378
6910
6565
9243
8246
3272
9568
9675
3074
6857
5244
943
7617
3132
5919
4757
1544
9126
1546
2730
5551
7980
2434
2462
2657
3558
1582
5807
4146
2791
3804
9179
4265
495
6464
9107
9649
9499
5467
2941
9
86
1448
8754
580
6544
1355
2475
5034
4620
2221
1997
363
9361
1591
5879
2358
3338
7968
3328
3901
921
2000
3590
2122
3447
4338
3780
7938
2881
284
6782
327
1290
9298
2443
1264
6105
9046
1782
248
5851
9757
9060
489
3199
1621
688
5
1966
4688
315
4132
1551
2409
2807
4569
7754
5156
596
2059
3894
8265
7766
1002
5425
7394
7732
1874
9199
1195
6935
3451
362
8606
3224
5748
6353
2835
6615
4851
3324
249
1797
9619
10178
10205
5917
8764
9584
7196
9426
313
1825
5909
4585
6860
1473
1367
2206
10208
4092
8017
3789
5060
1254
5910
4709
8695
3946
6267
8446
8852
654
2693
5261
8729
4599
4977
294
1083
3530
4894
3421
5412
9969
4827
8321
2121
10260
1644
8202
8147
7178
481
9914
5892
4616
1612
2088
5753
2597
10261
3131
6927
753
8189
3350
7890
354
2733
7427
5629
6336
5664
8990
110
4445
1390
9809
10202
5047
8264
3705
2957
4710
2526
2961
3548
9726
4298
6959
6017
5453
9598
3042
5891
761
8988
2268
7051
3185
2339
5619
2370
3054
4556
6503
1347
8105
5284
1010
8877
9982
10226
1873
4266
5598
4932
7253
2459
9896
3716
1129
4467
9020
2690
5946
8249
9828
1088
3516
5921
4165
3842
9252
3441
7843
311
1389
1666
38
3638
6424
5315
3977
8800
6460
6790
261
7150
9550
3673
7010
5691
2208
1531
4383
9048
9435
6036
5865
3923
8152
4823
9081
9210
9986
9767
10182
1454
4326
7840
6941
4517
9090
4542
7049
4590
685
9485
5762
7336
8896
9533
1897
2183
1706
2152
3931
10239
1764
10269
5464
3563
1902
1778
7503
3353
7314
2261
1688
6559
2384
373
6403
2800
3346
5104
8491
7606
10186
6546
5709
5263
809
2793
2247
5208
5696
741
6177
9385
4396
9640
7096
3486
3029
1160
6702
8327
4453
7655
8824
5933
5361
3734
6614
9964
10064
2683
6699
2223
8945
8680
1312
5766
2592
4091
9257
7596
6189
2704
4188
1850
4414
7164
10131
3852
6819
6688
7165
5095
50
1034
8117
3779
113
2404
7974
1549
5044
3773
1279
3785
2551
2282
10275
4269
5066
9192
2630
999
3862
7317
2399
6020
5430
3822
4288
3024
8398
5391
5924
1814
5518
2074
5867
2871
6056
7327
7231
92
6695
3726
3172
1741
5012
4641
4152
706
6683
9310
5768
5707
612
8794
2056
7342
6237
1628
4005
3113
8088
2893
8535
6463
3226
359
5800
10044
5885
6577
5165
3820
9676
959
1941
6431
5897
5080
8466
5392
5446
667
635
2437
4998
8069
3800
6921
9811
3266
8783
3355
7467
4216
5863
7984
9985
1731
5482
9824
3053
9462
2861
4939
7404
1516
2760
8839
6307
1608
6167
575
4825
2157
735
1578
91
432
1252
10189
5951
3112
292
3950
4347
906
1491
5544
6540
361
4772
10119
7882
7707
2817
709
571
2860
1519
3099
2756
3621
1424
1776
4574
9603
2123
5607
1032
4745
5367
4105
8128
6755
1119
1855
6333
8276
9480
4610
4498
2580
1552
6065
6129
5373
2273
8727
8038
3163
7500
2368
2991
2113
6367
3405
9666
4381
10039
7963
7850
8625
9088
9027
4212
8956
2680
3051
8734
6195
7130
8656
5216
3874
7172
5238
9999
3818
4029
8972
4450
194
9143
7058
739
1748
8134
6994
3513
2493
2403
7237
7495
5667
3440
7429
58
4253
4518
6686
5745
8077
5741
357
9267
1821
1039
8975
747
4866
8123
5295
2565
2210
5569
6915
1148
5695
7977
5316
5236
2267
6725
385
9562
3379
701
8371
4283
3165
6311
2573
4765
5665
45
6594
7080
1447
7067
9038
9735
8594
3337
1488
7162
2289
6904
5858
6950
8521
4652
4834
5823
9160
8699
2523
8187
6411
7789
2987
5219
5519
1211
2295
4403
4084
2091
1470
846
1455
7649
9838
3033
6676
6147
6001
3317
8781
4312
1700
1672
9589
6610
964
7665
5478
10230
10031
6109
799
1466
6828
5862
950
4502
6973
3589
237
204
2259
8296
5223
4804
1987
5609
8833
4325
8338
10076
2300
6373
4007
1713
10081
6076
3433
9587
7674
8271
2956
4329
1284
4549
1643
3463
3669
2670
2136
476
892
8568
1562
8634
8091
8513
691
5989
9907
6294
3759
770
177
5793
4284
472
3256
6322
2841
3041
1958
2198
1170
5523
9233
14
6276
2351
6128
8218
4749
6405
6995
840
3454
4294
2606
9770
4343
7706
5256
4713
4833
320
1984
322
6384
5613
6942
9769
8957
10170
5025
5439
198
9780
169
10062
6202
7833
6887
3549
3849
6453
3339
10017
9147
7050
8181
491
2468
8941
7955
9593
2419
6968
8865
5123
5614
5356
9518
7664
9348
2212
519
4475
7494
8238
9197
9411
1265
7610
8614
1774
5920
5854
53
6765
5377
6130
5476
7784
5199
6142
1199
5100
7810
4844
8814
7816
6622
4743
6668
3920
7176
4696
7232
6365
5627
4676
8405
4522
9324
9527
3665
3816
1846
5962
824
2142
1238
2749
7148
8543
4984
874
2940
7896
9892
8663
9227
7128
8342
6088
8769
4728
6739
8771
8522
3318
1803
4406
9710
235
5349
1298
4506
6937
5814
5253
6440
4981
5232
4632
3538
102
7796
6058
730
10221
8697
6514
2412
2433
8932
9031
4302
5018
4041
1624
1103
3306
442
5847
9447
282
7590
6493
9636
785
2431
3496
5277
6717
477
517
6456
4724
7577
2528
3257
7266
869
5580
3080
9837
9512
3055
3540
2162
2011
8773
10071
4020
3698
9771
95
3076
2586
4514
2026
131
