9143
8366
5976
5987
9022
2312
6603
8054
9391
753
8162
7052
7394
10165
1217
5519
4055
7211
2415
1990
7662
882
7788
3712
9530
6328
9443
3193
9796
3990
5461
7033
1646
4648
1943
2440
227
7180
4646
1269
1849
8091
7562
3000
6156
5755
9802
3772
9990
7578
3467
8655
2134
7188
50
1718
3044
5275
10090
6329
3907
8887
1542
3939
673
6451
3663
8788
1
8683
5079
1262
2306
6098
183
9708
9000
8657
3029
9980
53
4867
5057
2609
2434
1956
9723
8153
8813
5167
7435
5649
3169
3601
8861
2506
9324
4067
2990
3177
6083
4847
4191
521
2114
9425
4627
9447
1568
3921
8632
8978
2792
4761
9415
2430
6307
1037
7076
9736
5752
482
9729
3128
1860
10101
10076
8911
4110
5356
4297
8268
7323
8610
3535
7146
6478
3619
3977
3592
792
3571
4613
5086
1454
5478
3654
1587
5413
4688
3312
3271
22
4465
6381
7262
5521
9867
9746
3872
6684
6163
4987
5151
205
7176
8083
8427
490
8603
6794
3071
5920
2441
5232
4590
6992
2536
9810
592
7581
3557
5613
4901
1998
6361
212
8900
5272
7134
598
9343
4101
10191
2697
8530
4205
9829
6884
5767
7523
684
7710
4524
478
588
5735
2856
9884
6127
330
5585
7753
6874
2029
322
7374
5113
6420
404
230
4673
72
1924
1750
5647
8269
6537
2995
5711
789
9102
3503
296
9841
5560
7966
4087
4450
2344
8489
5703
8376
3604
6749
8679
1429
5447
5960
2627
8330
7835
1351
2297
2093
3676
3962
4498
4956
6889
2030
9857
3166
2569
9303
2538
6937
8472
3118
7608
4863
5886
4764
2420
6045
1853
1732
8771
7769
8848
5485
6450
3009
6525
7808
4829
2560
368
1973
148
7932
5747
1928
353
2953
7980
3213
1477
4633
5365
6996
6457
6275
9421
6610
7290
8132
4413
3720
9773
755
391
3140
3944
6396
2859
4478
3108
2120
8577
10185
6545
2074
8043
2790
2823
6734
9701
820
4190
7551
4386
6434
517
6213
2761
10279
1106
6930
8501
6847
9968
966
9112
8731
1191
5875
4043
6579
6559
6458
4129
6822
8722
4523
10278
5069
585
7239
5291
8245
3537
2545
4542
8939
6653
7026
1513
5124
4717
2262
4774
6171
1276
6618
2842
6365
9289
3959
2178
3401
310
9201
5836
7395
3136
107
180
5383
8626
4913
5758
3278
8077
1635
4844
3606
9271
3656
2277
7387
786
702
5190
392
4462
4762
7744
7277
5093
8929
6479
5150
1204
9562
8110
3476
3869
6477
901
3662
7822
3696
5728
2082
971
9009
4850
4706
6060
9963
5411
8477
9542
7639
9548
9540
4583
2349
7880
2777
222
3498
2923
8590
4506
746
4059
4360
350
7766
1877
9251
5052
166
1827
4709
4132
8317
1337
8707
915
1676
347
10204
6120
6416
6524
10014
741
3373
1376
5524
4682
4865
5435
9177
8476
4799
3564
6702
8112
628
7059
8866
853
6615
8496
4746
9650
2945
2503
4448
168
6922
7947
405
2745
3324
1972
6018
2785
9543
8297
739
3756
5966
8737
8782
8934
5813
5289
9976
3553
2098
2520
7978
197
3593
8336
6482
533
2118
6562
683
5629
6149
5757
2045
5896
1935
8276
3957
1443
203
9180
2122
8055
3897
5726
3087
762
3208
6269
9721
10064
5001
990
1777
6741
9139
134
4805
5550
7819
2643
742
2353
5505
10128
9506
7301
1426
3938
5937
4194
730
5127
6669
9862
952
868
9702
7989
1966
5633
1993
2241
747
7203
6781
1927
8071
2793
1483
2351
5341
5568
3659
2048
43
6998
3837
4536
4192
7480
5931
2967
10180
3816
5277
4660
7208
1598
7528
292
8964
2385
2001
8462
2085
3214
8902
7874
6279
8089
6089
3422
3910
2075
9020
9698
756
5783
9854
1080
2429
1235
2610
5467
5740
7477
3171
3125
2836
10108
8973
933
8508
8693
10035
8757
6565
7359
6368
5033
32
5404
7809
3115
9580
9983
4909
7544
8890
2959
7030
4716
9445
2931
1669
6063
3926
6379
5810
2540
1115
4391
7801
6521
8229
3139
1342
2744
3321
6274
1840
7470
3942
4052
740
5847
8251
9387
2324
2695
8642
5602
1517
1992
6364
8674
2548
3623
8791
9092
3
6982
2298
8755
2735
3777
8250
5771
4466
8087
1081
3833
3925
10237
830
9533
10158
3758
1769
8063
3536
1575
6304
4724
6590
6614
4944
5534
172
8180
5193
827
1829
7763
5772
6808
5139
3465
5487
6509
2617
7756
4118
9453
7951
4417
6115
5754
4568
9922
1101
3487
2359
1688
8855
6713
8653
9168
225
5748
1994
2976
1530
4879
215
403
6377
3416
221
2461
3240
4383
6951
7080
2066
6320
5345
5706
5797
5474
6965
3497
8648
5640
3215
5972
6638
2191
7053
3383
7169
334
2565
6757
103
7921
7183
2363
7096
4159
10208
6240
7825
3920
2208
1218
7024
5155
5215
4780
3988
101
2807
344
1107
1437
1636
6355
91
9151
8732
2980
4107
1428
9654
8704
3334
5453
155
5676
5147
174
1331
891
2315
6750
7135
2687
703
6010
5612
7888
1674
2806
4264
2904
7194
6602
5866
5269
4181
8135
9213
7063
6064
10049
10152
5707
6639
2989
6840
4699
4588
9635
3981
2673
9609
2088
1653
1444
1958
16
3315
1393
2447
3863
7772
1645
7526
5791
7994
10203
4288
2367
1196
7136
7958
1701
8821
5125
3205
4376
2497
8011
2815
6097
4329
3245
5308
4884
3326
3783
4016
5464
3481
5307
7565
6959
7192
8532
189
7282
3650
888
2418
1738
3229
4626
4430
7442
9408
1795
6854
3532
4726
8488
5627
5998
374
2347
9558
701
6926
7933
7321
6043
2147
8002
4959
2308
982
6691
1176
5763
9988
7448
9464
7114
2937
9110
1192
6393
2718
5916
8382
10145
1388
9718
4638
9642
10271
498
3742
3556
4602
7685
1059
7592
4166
9586
8292
5386
8041
6865
9140
6835
4667
7217
8436
2007
4754
1631
8621
9380
870
10005
9842
9837
8239
2010
4409
4178
7213
106
6138
6944
829
9162
10172
8189
5216
4208
3489
119
1070
7107
8161
7500
810
208
661
7919
7503
9035
5008
7998
2483
5725
5425
5902
1606
4410
156
4490
5488
2887
2195
7242
5853
8614
1567
2270
345
1222
2584
7956
4785
5037
10136
6243
7939
2366
1122
2693
504
6882
8680
10177
5671
7471
5283
3997
2621
2004
4106
3822
108
2131
4957
1186
921
1824
3771
4766
1250
3101
9726
9675
2791
8302
5323
3161
5106
9789
7724
9382
8267
3509
9073
9690
9908
367
2872
3299
3068
10069
4655
1056
8805
2662
3691
1031
4042
8908
10192
6076
10099
7371
3001
8609
9611
2778
5985
7336
3808
1741
2378
8351
2516
7001
2332
3609
3121
4741
9964
743
2031
4797
3947
630
5097
2484
2669
7636
9833
3348
6829
9839
3477
6751
6397
3061
3484
8581
4573
4572
8837
3814
8697
10242
569
6583
9242
3162
8307
1132
9775
7215
9400
6690
1589
3462
8681
1403
6341
77
8699
4695
9661
8484
2165
2633
5489
1285
8025
6646
1678
7023
9132
6291
527
2316
4175
5497
4008
9648
9552
4379
2838
7373
8599
4133
4393
1684
2211
4294
1162
8226
6711
9440
5678
1634
3260
5482
3327
1200
9426
1952
7105
7653
6116
3351
10209
6221
3258
9630
4608
2651
3434
9431
8623
5281
938
4168
7222
1004
5427
4547
5483
911
5947
6068
1357
10218
4102
848
1041
6792
433
761
2002
6180
9745
6153
6971
9882
1420
9296
247
7150
2736
1158
5279
6294
7324
1055
9921
7101
1486
2979
3030
2267
8155
6940
2894
8691
4835
2273
7856
114
7928
7496
4202
1553
5846
123
6190
985
6869
6779
7315
7949
4564
8842
2305
7062
431
3211
8612
5187
364
698
5122
1323
4214
6641
2553
2192
8814
1392
8435
2393
7281
10244
3225
8344
9154
7983
4555
2933
2153
232
4759
7889
9788
7137
1768
2720
2867
4215
3802
7681
9605
3346
6853
9475
7555
5032
2768
1018
3637
13
9275
4846
5012
9668
522
9316
8717
6938
9614
3131
7524
1025
7042
3876
8122
7454
5925
9336
6285
8234
8399
8027
2920
1985
6586
9905
6977
6704
3415
6789
6817
4813
5077
135
2582
10181
6660
8196
7028
9085
6670
8108
1563
3591
10281
92
3975
5166
7299
6934
2245
4636
9667
9991
2975
389
1157
8980
4285
8383
934
4392
5129
4280
641
3003
4618
4183
6496
4793
6542
8930
8622
991
10187
6483
4962
795
9058
5799
5776
6103
9809
8874
7600
3933
602
6979
2831
1522
8799
8667
2596
4579
859
6771
1442
8322
2730
8392
6048
2189
7876
2748
8343
1597
9618
2064
2000
8851
8010
7849
9792
3047
7327
3494
49
2608
2664
6403
7479
7094
5578
4286
2124
8565
2499
4792
10061
8888
4538
1203
3525
2202
9145
8338
1869
7547
7732
8561
7110
6162
9278
9244
7475
462
7022
2149
5597
7066
8325
6412
10170
7629
6441
251
9302
5601
5892
36
5148
5109
1172
2756
8907
9993
9998
1612
9959
9742
2489
4151
10026
8192
244
7035
4347
8401
7569
2465
1473
5157
2234
8660
4920
8715
5060
5022
1770
1892
2284
679
2886
7859
4247
3122
808
1412
2611
449
6094
814
6380
8498
3485
10157
181
1253
7000
10221
7419
1139
4676
6806
7761
9844
2656
6721
1035
6422
8670
9212
7924
9210
6714
9416
3186
6809
4530
70
9955
1260
93
1001
2765
3998
6907
8526
9801
8741
4354
7266
964
5225
3657
3034
615
4291
9674
4747
603
6261
9468
8142
8052
6276
8372
5665
173
6999
3441
9150
4134
1413
8937
2331
2523
7411
8051
2479
9739
2162
937
9545
5696
4188
2326
968
6378
6375
1227
1980
7489
7223
2314
10107
791
9762
8749
6893
1460
3060
7133
7699
3740
3360
5636
6974
1241
8746
4300
5025
5841
887
8008
5249
9883
1451
2641
10044
9754
919
8774
1072
4440
6848
9956
1818
10100
4307
5792
370
4427
8729
9286
8807
1197
4234
302
9770
6475
2661
5538
8337
8946
1913
9434
1069
5533
147
3733
8988
1933
9826
6716
6909
6080
10201
1717
489
8676
1680
7504
7826
3836
6539
6571
1862
4543
3943
10041
4005
6000
3830
5314
5218
4888
8613
4607
2615
7800
6936
9873
6770
7642
623
9658
2451
6876
802
8181
10284
1833
6472
5239
6534
2834
1307
4051
9554
3686
10199
7422
8809
5005
5502
8473
1730
7341
4348
6069
6470
1281
9947
8443
1582
4362
2700
3107
3850
809
3728
8644
8195
8057
6678
6071
8730
2712
9163
6367
3579
9578
2825
7365
7877
4097
580
9786
9527
7887
2851
7969
3233
4153
2468
5501
6448
1125
7401
5337
5136
2438
18
9173
3196
5507
8505
6612
5515
8703
8177
257
1089
2679
2372
880
6567
2799
3349
4617
2123
8607
7005
7952
5186
9724
7438
1811
8038
2395
1414
2722
7420
9158
4990
3746
9638
3304
5572
1091
2855
807
8232
8061
4454
530
9869
1475
273
4262
7004
6787
271
9856
9937
1304
8959
9021
9741
3175
3366
1561
1247
3454
6297
9141
3754
1368
8615
8471
52
4596
1330
5806
2626
9388
7235
7286
8945
1867
7238
8388
4828
1195
7897
6181
6208
3025
2563
5567
6424
7926
8005
7702
8736
5683
7156
1609
2860
945
8316
3307
6160
7988
3951
3804
76
2947
7839
2389
8852
9236
9105
2649
6144
3210
7370
9497
5361
8056
3279
9756
5346
8903
10144
7267
9365
6220
8817
9592
5026
2942
2943
9560
5808
4399
4422
9524
5111
4335
10156
10223
5333
7813
1401
8823
785
1564
1470
1982
5210
4453
1963
179
9663
1411
541
6958
9910
4830
3693
9974
9052
7459
8460
6015
10154
10234
824
4486
9555
950
2487
5575
5901
10276
5843
7302
3551
892
4880
3634
3458
3585
9803
2069
7220
3514
3345
7626
2018
7637
811
7058
3456
6228
9399
7907
737
4081
7109
4703
8773
6511
435
3539
8058
1124
8786
5971
5500
304
7628
10240
1155
3257
1458
2133
2125
3573
8213
1175
6722
2864
5919
2501
9544
9029
5744
3918
3979
2104
375
7984
61
8244
8834
1328
201
2519
7006
4973
6099
536
4794
7008
4171
2083
7598
7140
773
5827
8678
1873
10063
8210
3306
5013
787
9722
3015
6768
2987
9684
6443
4326
6903
8650
7287
9461
9424
2889
6736
2913
4238
10065
8761
5237
1908
8299
5527
1548
1334
7124
8286
1714
3223
2288
8760
4857
1410
438
9192
7973
112
9144
376
872
5170
6915
6961
3948
4375
1108
3950
8248
8812
10260
4728
2994
3320
8534
1245
7501
402
10050
20
395
10118
1950
8454
9651
6339
229
3057
1835
90
2905
5469
3404
5072
1500
7867
3567
903
6578
2238
5780
2767
6316
9946
4681
9414
4860
8558
2490
8662
8710
8789
4740
5684
4001
3268
9331
1367
2260
1140
4819
5942
8218
58
4092
6065
7046
4428
8032
3764
6295
8935
8675
1595
6121
9345
4899
9633
2404
3714
7668
2091
2022
4832
9906
2142
6342
1721
8538
269
2938
1823
3239
5290
2478
2421
7350
3203
708
10059
4402
5219
6957
6747
8541
7187
1440
4670
7428
6066
10259
4443
5412
4161
9848
7230
73
4812
3843
1151
8931
7679
3792
9774
1242
8597
1550
26
3752
8461
2583
4366
10124
3031
460
5368
9952
4932
3851
644
5243
1537
1573
5241
6330
481
7352
597
3412
4464
6242
6651
8410
977
9038
342
5922
1774
1932
6917
7319
9769
6167
3512
1647
3059
9202
6811
6244
1667
3236
9418
8486
2474
8936
5306
7513
2223
4807
3922
8572
2126
7786
3393
7767
5509
9936
7075
97
10169
7917
5250
2897
5419
1848
4000
488
1292
5352
2452
5372
7020
6522
3255
6899
1555
8596
2233
1682
8944
316
6718
6895
1114
6743
7770
861
3290
6020
6856
2368
3887
5553
6105
9997
3949
4158
1806
9230
733
1639
2982
8028
2453
9799
2021
7746
1084
9886
7768
5030
1591
2840
6985
9928
7073
7804
4495
3546
7065
8467
10229
240
1996
7512
4279
5409
5615
3182
5882
96
7538
3381
3967
719
7260
8998
3828
6805
2148
4433
4387
3185
4229
1991
3163
9360
3146
1272
4271
363
5451
654
10264
6879
264
9219
1400
3986
4377
1888
6331
4773
486
5380
5165
546
4461
4760
4727
738
7375
8101
4256
4585
2878
5750
8604
8257
6557
8396
2763
1183
474
8424
3748
8819
4287
9938
4403
2895
5679
4634
7603
9378
2164
442
5723
9036
3622
5650
2573
6050
1129
7098
1092
2577
1508
10007
5540
219
7727
5938
5259
6693
4923
1405
6531
4550
3905
2054
2336
1871
1502
1370
2871
3994
109
6491
3090
10038
7444
7613
7040
6217
7692
5802
2163
3362
9705
1600
10055
4874
9040
3375
65
9063
4549
3521
9260
2757
1936
637
3807
6885
7482
556
2901
1228
5090
3406
2963
3547
4616
1570
4327
3352
4891
9216
8797
140
9088
5812
2255
8810
5440
6343
6774
5437
1512
951
6254
1687
9099
1997
8767
9813
6737
666
9152
5923
9629
6046
9714
211
3611
9055
2187
2762
5298
4355
926
3749
4074
10153
4649
8313
1925
9247
1374
583
998
9761
6556
199
188
1170
6720
5213
9170
1355
6047
8407
2530
2235
7938
4342
8977
5327
1644
8600
1447
2334
2701
9556
7891
3618
4328
5351
7473
2279
8792
9781
3265
7601
9528
6626
1205
1578
10277
7182
3442
1884
3048
1302
7676
2214
2854
1490
4778
6815
924
5936
9720
2784
3198
4203
5702
8107
10253
6843
6449
4561
4143
6036
599
5471
1165
298
5743
461
5956
4912
939
691
362
4803
9209
3859
767
432
2319
2414
7464
1093
6576
1300
9577
9478
9496
7219
1464
6570
5231
120
10104
4795
8238
4318
9715
6777
7226
3744
8684
6819
7280
3270
10155
8365
7590
4910
6755
5620
7754
632
6258
4893
6372
6723
9783
3141
1773
1011
4528
9498
6760
5055
1987
607
1154
9637
4334
2535
249
5784
581
6875
5932
2699
8829
1312
2634
5494
5862
4599
874
729
7449
4575
5455
2559
2008
2929
5065
8531
6041
3741
4093
9655
3873
7106
5366
7870
5059
7778
8895
8511
6997
6769
4942
4458
7996
6093
9129
7533
9095
1790
10283
9747
10266
6008
7923
9967
3731
2788
7328
4083
2459
7793
8487
1434
5693
8849
8877
9062
4777
1855
8891
3670
4943
282
6058
1707
7157
2992
664
9156
4352
7845
2177
9615
690
7990
5042
2108
1416
959
1258
7356
6306
7815
4852
5643
2035
427
2417
5714
9449
5200
196
9007
4095
6724
7311
7782
10034
365
254
1802
2635
2770
1857
6351
9113
8918
1002
6563
5324
5303
659
6605
4680
5543
8917
8033
176
9672
4755
9335
7120
6134
5630
2879
9710
9130
5884
8176
4928
910
9243
1421
4798
5038
7894
390
4986
1887
2410
9411
9441
931
9320
1569
1234
1365
4460
643
9487
775
2819
1067
5700
55
6155
7209
2055
3695
6593
7671
468
7696
10033
5264
5047
9632
7649
10220
2232
2885
7198
3590
4842
6191
2973
1495
9074
7698
5511
3080
2623
8598
1805
2771
5169
8661
9685
6717
9115
6728
5742
2849
9617
3648
9103
475
9923
8825
3022
4057
4361
369
154
8568
7723
8363
351
7364
4820
2080
3790
4788
6257
3473
711
9157
3282
1146
4023
8986
5557
2268
503
8920
5397
6993
2556
5132
4637
5278
979
4470
9929
5083
3780
5849
4257
7623
423
4841
9368
6489
272
4705
1700
7274
8711
5734
2684
821
1290
835
4274
3124
758
2625
2955
2614
2181
9124
4632
6823
4654
8651
6783
4505
4892
688
422
10046
5175
5201
8204
4451
3158
8350
805
9149
333
7884
9749
3432
2944
6739
6357
7720
8092
8423
4209
4099
6561
8586
6506
4965
6092
5816
10094
7253
9793
3566
8659
3806
3641
27
8969
4738
4518
2715
3355
658
2196
4063
8742
2660
557
819
3479
8925
8104
463
1571
2050
6888
4435
4925
4989
7318
849
2515
9573
6023
2303
4196
6782
10147
7256
4459
7798
6317
1452
2689
10193
9518
9393
7243
1519
10031
3050
1127
2361
3937
1668
7190
3849
40
10089
771
7863
815
2742
8064
6125
9547
7593
6719
3574
2576
3492
4094
3577
5722
6394
7487
2152
9339
1526
7292
6481
9084
4303
2032
7861
7682
9312
1171
2110
8333
7405
6862
7631
9041
559
8706
9659
10140
233
8354
10246
2222
8897
6428
7382
2558
6748
6255
261
8169
5406
4653
124
9195
2898
4098
823
4907
7139
1801
10021
2509
4952
5414
5376
10114
2586
337
7396
5034
4265
3287
4313
8940
1060
6436
4434
3774
1143
7445
6759
8727
10226
9229
8220
4750
1098
3466
216
4742
7390
2946
5050
6292
3113
4904
6337
4025
6920
2780
4368
8758
1957
5870
806
10123
6813
2146
4179
327
3073
8217
657
5096
8070
1593
1397
1752
6265
1951
7469
2015
9288
9267
6471
5670
1740
6145
908
2213
8069
1479
4834
8841
7334
9489
6566
7689
5639
6681
7964
6686
3818
3036
10247
2272
9744
7191
2358
5141
8763
2159
8346
6793
5121
956
5068
3389
6055
7543
8138
8182
2173
3996
3066
653
9355
10175
6113
5668
9193
9849
9256
6154
5539
4628
1394
1803
9845
7205
5359
3067
5781
4894
2505
2910
7993
5526
4319
1100
2341
4711
10251
2392
780
9377
8950
1622
406
547
681
6059
8409
1000
6256
407
3076
8362
7427
575
7893
10166
7643
8253
5063
1655
145
9390
2407
1110
414
9396
4663
5788
1838
5189
7792
8287
8345
4519
9101
1965
214
3729
4873
5061
7708
2902
752
185
6986
10212
1735
3191
2056
2390
6232
9626
7246
1150
3632
6663
9049
2579
981
9949
9059
8475
10262
4975
10254
660
6675
411
3655
2786
8315
2524
7055
5532
5446
5899
5913
7308
2948
9822
7347
3793
3325
3703
8938
3156
2978
9902
8272
9318
7690
10097
62
6923
1296
3070
5391
8588
2711
4085
7012
5732
3800
7404
8259
6431
1449
4283
6
8955
1446
4701
1117
1022
7934
9660
1112
8207
9204
9907
2704
2803
9581
6801
566
7340
7987
1601
7362
323
3376
3378
1822
8509
2139
10072
2622
6386
8499
466
1820
8695
3694
4071
7068
3751
3440
400
996
6410
8312
1959
115
2974
4591
3469
2371
9610
3510
9114
3172
5709
5067
7494
783
9353
7620
9361
6363
5381
3490
1221
4398
2566
7706
4640
5245
3671
8708
8074
3786
288
6905
8281
235
7440
5554
4972
202
1051
7363
6621
7783
253
343
1484
4767
2426
9485
4938
95
8448
480
9045
9957
1657
4149
4224
2522
663
5555
5558
5909
10120
670
6319
6203
4814
9089
7885
3582
7955
2528
7846
3642
4885
4182
10082
3548
7316
9025
1487
2412
6514
348
1270
5603
10054
2427
9814
7656
294
5523
2844
5957
3978
9499
8228
9893
9636
2027
1338
8303
9508
6667
5619
8249
4509
1754
3630
5363
9812
8175
4113
1880
1361
2966
9409
9712
6259
1231
3913
2246
307
6710
10087
578
5930
6322
6182
5493
1906
7799
1971
1382
4172
779
10060
898
2543
803
8065
6124
5857
5088
190
5491
4848
5910
4359
6505
5860
5974
4930
3238
9689
9394
7361
1937
9107
9270
8663
6754
5610
4535
6371
8956
14
4647
1295
2462
8631
7817
5407
8235
360
6516
4836
8521
2496
6391
4600
5260
2463
6480
5074
4127
8778
6072
9616
4320
5248
8364
4914
700
1282
1038
558
5907
1934
3085
4781
10000
439
3653
7434
9191
3782
639
2049
1293
5492
2422
5011
9087
6952
1436
2086
9541
1159
1889
4691
8482
8318
8241
8833
7604
7044
5382
4245
1524
6197
2230
6643
2194
2193
5749
2061
4679
2493
2036
7021
6437
7159
2899
5178
9460
9994
2813
6141
7186
2304
83
2043
1919
7353
8455
10074
7071
9933
3496
548
1264
8319
276
3074
9313
8971
7218
9061
7674
1670
5321
5039
3417
1638
5635
1765
8492
3683
8922
1683
7857
5608
10164
9293
111
9483
3096
9455
9439
3687
3021
10017
1274
531
3737
191
1782
5498
12
7326
6044
6195
9564
3461
1781
9018
10263
1462
3368
3572
1488
542
5874
1763
5545
8780
8001
5261
4511
7790
1145
1789
9100
4887
1737
10252
3983
4635
4560
4046
2024
6086
697
5661
6273
7499
8080
7168
6707
1187
9900
8381
5010
8692
2865
8212
4076
6387
9176
7061
410
9995
10231
2797
10141
6549
10210
8991
1161
5547
1233
8952
6123
8723
6827
8044
6032
3005
8430
3845
4473
5160
7090
9566
5817
8718
8279
8290
4826
7550
1082
8172
6500
7229
6268
4365
2740
6620
6535
9514
6284
3318
1981
239
9891
9374
5286
9694
8646
2285
9188
2242
4301
8395
207
7749
7646
2240
8209
2210
1572
5486
3538
24
9795
6931
3114
5146
2564
3474
7233
5745
6941
7647
1174
4201
1793
4400
7054
3610
2652
7596
209
8321
8714
2313
2231
6289
5835
8719
5906
8413
7417
2346
2040
4584
5154
5398
2416
6756
4950
6546
250
7232
6584
8972
4544
8233
2428
591
1619
9164
10179
8369
37
10168
5472
8547
1979
970
7263
2294
9407
10268
1861
430
9217
6395
3862
7019
3431
6385
64
6440
7721
8298
2858
6627
1686
856
4527
2638
716
7683
6913
6164
6079
9005
8085
5562
2380
1301
256
2116
6987
1236
9254
1817
8049
4905
10265
1385
4809
8121
1474
3810
3673
346
6039
1624
9645
2747
5786
8390
6976
8536
9656
5078
1964
9920
7837
2782
4821
812
9939
5217
1863
3100
1895
6664
8201
5958
1949
2962
4811
4816
7154
6518
8981
7384
4838
2853
7525
4721
5420
2109
4011
8116
5247
3932
5576
9931
7488
9373
6411
2256
42
2360
6765
187
8160
6212
8793
2998
2949
1677
3418
4508
4072
311
3155
9026
4772
8573
7348
2986
8822
3533
3083
2023
7567
3707
8326
8100
5392
19
1213
1761
2185
8768
9771
10131
9915
10070
619
1010
8103
5879
9495
927
3677
8081
2409
3989
8873
7259
7906
3075
3927
2130
217
5164
6655
5697
4690
5309
7554
2812
10013
3082
8846
5449
5645
5867
2783
8593
9890
9395
1423
1040
4748
6305
4299
1049
5652
3145
2832
1799
34
1199
2143
7402
1910
7447
2676
4604
153
5191
9442
1702
4559
5830
4787
3439
544
8018
4566
3969
1878
2820
796
1535
1052
8323
6925
3501
5271
1654
9589
999
7143
7755
7765
3023
4851
7776
2065
5470
6947
6912
4586
4136
9428
1034
1210
2287
313
9767
8696
8688
8733
2648
1903
9644
4605
3765
1071
5929
9258
6617
1094
5177
9624
5457
6604
1389
6732
4119
9174
8274
9662
5436
4480
5790
7515
8705
6402
2552
165
512
2067
8451
3715
10206
8418
8949
7357
5928
2749
10256
4246
2801
9571
7317
9301
2264
206
4022
7589
3032
3583
6838
2570
1438
4858
712
8105
5717
6657
464
841
2072
1179
7413
7074
913
1126
5388
7927
626
5375
7425
3914
8899
7333
5183
5517
3710
5880
5657
837
4006
6648
5506
9797
2824
9820
5940
6904
4267
7873
356
5914
3363
6193
9246
7409
2382
401
10230
5736
4206
3356
6287
2454
1182
4356
1399
8102
6159
5048
9369
7881
5708
8575
3038
7602
23
3367
3923
3903
2612
10068
8284
10261
1815
8067
7715
7508
3697
10130
3483
10270
4499
7697
7339
9627
9452
2265
10062
3323
616
6510
2562
80
9277
3148
897
1697
8184
3964
8542
992
1224
9847
3607
8408
4350
186
8942
4310
2439
3688
2892
5076
5017
169
736
10132
7688
5475
2413
9456
4152
7774
274
4563
8569
5607
7429
6135
7659
5628
6301
1340
2787
9992
4077
9925
8957
5959
3875
128
9823
159
6468
1850
7879
4284
7011
4146
192
8143
8342
7742
9240
7081
1826
8983
7571
6286
6877
1960
7043
8502
784
9512
1212
5591
6851
9561
5082
9880
577
3868
7084
1215
2666
7132
6948
4248
1074
9601
6825
3888
4397
5894
5468
3380
605
3097
6649
5103
4035
2329
4833
6178
1284
6995
4558
3007
3904
1969
1604
2772
10109
3444
3889
1896
54
3798
3855
9024
4776
281
4935
10280
2254
4147
2914
5233
6629
4877
4906
5698
3035
6642
4954
8583
1673
2655
2746
5262
772
10183
6729
7616
9695
2817
2263
5680
2470
9011
3700
1207
2466
7003
9474
3463
5267
9686
6169
385
7291
3377
1784
9743
5156
3739
8391
6962
4603
7509
2618
9481
9252
3464
8909
2423
301
4587
2026
7305
220
8567
3341
8913
5224
9159
9678
6332
8260
944
443
563
9500
4066
2753
2486
5374
10272
3719
1415
1467
2539
6070
9183
2197
3584
1728
1321
611
10103
2862
4953
5490
9693
2961
5822
10067
4696
7617
1847
4338
6828
3894
6246
4014
4919
7760
3895
5618
8389
9067
182
7147
3631
6028
4240
8280
6692
4487
6942
8995
2639
8375
9245
8879
4577
2364
1870
1946
9310
7803
7431
9780
9241
2882
5961
1552
8483
7201
1731
5182
9706
3042
1360
9507
4669
7832
8412
7360
1465
10228
6280
7433
3857
4002
1216
341
1267
3745
4484
8288
4324
3507
3221
5595
3470
1378
5081
2
7247
9903
3902
3747
1278
4749
380
9965
10056
10048
3638
7472
1858
7392
2446
1713
1767
8963
4517
9398
1596
2482
8099
8117
4824
4045
7087
10032
3640
3396
5908
9249
9989
2402
1358
2737
6738
9248
6529
8140
8884
3936
160
8447
7415
9333
5983
126
513
8379
491
9621
1931
2325
1408
7047
5297
6456
8134
2257
5765
4186
1168
7971
9080
7309
6900
10003
2686
5405
6030
5605
9225
6104
9687
1821
3298
4109
9211
5541
1111
4260
4521
8552
5986
7899
8647
5903
1748
10138
2401
6861
7121
5984
6226
1643
7313
3734
7461
9757
7731
8310
766
1825
8865
3805
5128
6594
3184
3149
496
9763
5924
7160
5107
4531
1661
1819
1545
1316
3413
3544
3407
6362
4878
4615
3594
5251
7116
7834
4984
7204
5503
7903
5563
3165
3433
8308
9350
5891
822
10274
534
9984
2475
7172
5463
7367
3735
117
5349
1955
7865
3558
1579
102
8453
9300
5358
3840
3823
4802
8860
3692
9868
3488
8242
7944
3635
3372
3881
7202
9768
325
9367
4373
4994
8804
3597
8006
4314
8129
6085
9070
10133
5484
479
5095
8463
9436
7193
2960
6894
584
8990
8576
5152
9477
2259
10198
7560
9462
5062
4552
4512
9417
1433
263
518
8999
3154
6425
5694
6019
1152
5395
6360
4197
25
4779
3580
2322
7285
8016
6607
7123
5800
7306
8154
4346
7941
4145
3218
2226
1794
7838
3908
1109
10232
3420
9285
9819
4881
1028
5840
4693
5854
7506
816
5672
3199
4737
6810
2046
3340
1724
6415
3297
3259
3099
6914
5428
1263
3825
4554
9032
7946
9516
7185
4050
2759
4112
6207
2084
5020
834
1409
309
4612
3524
9593
4866
4124
9646
1445
7016
3103
4316
9784
2477
8168
4128
8426
7540
764
10207
6354
3472
9203
3511
7064
5230
885
7436
459
5631
484
3613
776
782
68
4539
3065
1123
8024
8580
5883
7271
601
5876
1047
9942
9595
3295
4800
4078
9184
3309
984
8914
5690
4069
3966
9166
5895
2837
7483
9899
6283
8400
1050
8359
5508
7818
7432
1404
5536
2491
379
4526
1054
1716
9643
8904
131
6148
8605
8993
9383
8047
896
4565
6288
10030
5133
4438
1167
8503
8582
6796
457
8367
8360
3264
2781
4644
732
6215
4024
7716
9772
9228
9776
8075
9513
2047
7705
3776
1529
2758
3063
1813
2150
5952
9299
1779
3109
4086
7735
4902
2774
4111
6901
8332
7898
7083
2320
4982
1585
7244
7151
3204
4614
6106
6112
8882
5367
10011
9970
2229
3200
421
2709
9128
5495
920
1948
519
1472
8529
1173
5056
5339
6485
3429
8954
551
1291
3088
3098
6370
8537
2644
2128
5981
7014
2301
8769
3343
3882
6703
7663
6830
1097
4697
6761
9056
1984
980
4367
6027
2710
7566
4967
2077
9379
7161
1886
5334
2157
1523
7521
5751
2179
7519
8570
445
1366
2400
621
5833
5655
1193
9329
7458
3576
6311
817
6630
5662
3767
8654
2544
10080
899
6735
1309
4390
8776
8921
617
749
7148
4169
6839
6229
2269
7165
1353
3446
5651
7634
1727
1043
7872
2391
7875
7962
17
8514
7641
7909
3331
6013
7034
6772
9125
493
5120
4037
2750
6270
6949
9683
5226
7892
7403
1063
1608
550
8951
4534
5332
8806
9097
6701
4394
7729
8744
9954
828
1922
7764
476
252
9945
524
2271
9334
9975
7241
2111
751
5075
8095
2828
7366
1883
6011
5040
3319
7759
3911
9086
3054
4917
502
3528
7485
7789
4562
4305
1844
7250
3963
10189
1989
7713
8188
8527
1185
1076
8836
600
2752
1033
7381
6313
7673
2063
3785
86
675
3612
4125
8197
9432
4895
2037
7734
5119
1422
2678
4553
610
3844
5598
1942
3110
9631
2547
4999
9295
6519
1380
3930
1201
2580
9002
4949
9066
3322
1872
9999
3231
8373
2244
3261
634
2993
6389
9669
3256
5100
2724
1897
954
554
3451
4243
6117
2512
15
6290
6623
4004
3766
4420
6359
3502
7045
5967
8896
718
680
9570
6189
8084
104
4298
2657
2188
5041
9787
9472
4131
5951
35
5582
687
9237
162
9450
9871
4396
9948
8198
4856
9298
1705
9363
137
6090
3228
1504
5997
6972
1256
3534
988
1842
1562
48
9504
4900
9420
4442
9608
4674
2464
1986
4870
2365
2996
606
9603
1885
3078
9808
6025
9641
696
2537
6140
1747
8124
987
8958
394
424
10047
2688
3410
7655
4476
845
2508
5202
6852
3273
4513
4311
9958
67
6157
983
3313
8329
228
6645
278
906
5168
8724
8798
10020
1783
7992
6136
7910
2019
1341
8385
321
5689
9182
5320
9531
4801
9008
6680
9118
7704
2011
8968
1327
7621
5980
7691
8728
9227
8397
8136
1130
1920
3112
3207
3046
8883
9860
7279
2370
1614
5859
9264
6831
8264
4289
655
7738
428
9372
7158
3769
4908
1095
6016
9454
6324
5108
455
1930
4415
6773
4211
4911
5240
8293
5644
9680
3602
3427
2958
699
9198
4831
5424
1287
7580
8754
3222
4180
9567
884
633
7240
4546
9838
8166
5769
5890
7111
4567
6003
6820
9703
6196
8411
6227
7130
3281
6459
6970
7638
1121
2809
3661
3515
2115
74
8826
358
177
9519
1745
7559
957
38
7221
537
8784
1580
9828
5207
1280
1184
3056
9778
9972
5114
3455
415
2970
4839
6826
1026
7970
3347
6174
4039
4686
8165
10058
7009
2983
1764
5710
2571
8145
10078
4378
9521
4684
2659
1226
4401
10250
8996
4482
7667
9262
4719
6476
6139
4977
9791
10025
2719
8540
10148
3448
1314
8304
2274
1681
1457
2445
8151
7227
3811
10249
8352
9015
2338
3387
4228
5310
4449
3581
3179
9451
7536
6536
3974
9181
2630
4275
1029
2286
8961
836
4082
689
7228
305
6966
8886
4743
6236
4349
5858
7170
1048
6799
6731
5820
7871
8327
3224
7424
4804
3423
4720
5569
5143
5313
8078
3254
1237
2311
5194
3311
6628
9640
2870
6715
8649
7354
171
255
2826
6271
9274
3421
4514
4483
9119
3504
8208
5825
8574
727
7330
3870
5691
2926
2671
9851
6553
2924
2707
831
5535
1625
6791
4946
3821
4419
3216
3384
8380
2317
1020
5466
3813
10134
3275
7762
6146
3428
6497
2631
8422
9607
9719
5355
2731
8762
1466
3842
79
3848
5712
5681
7570
4624
560
9492
2592
7677
3353
3296
2597
6321
6814
8856
2096
303
9019
1384
47
7784
7491
562
5007
4003
8252
5713
2112
1607
1911
6222
9338
8173
9579
9030
1194
3176
2702
7968
3755
4370
579
1556
5730
9397
2175
8564
4225
2690
1257
1248
8046
1156
2830
4668
4195
10110
935
7695
9311
953
2908
291
7049
4862
2342
5431
2991
6935
8850
5542
677
7295
139
2406
1509
4231
2203
1297
10111
9131
2551
4926
7605
5739
4997
5525
5616
3358
523
2810
7037
7386
3105
133
6797
5130
7686
9043
5176
4187
7177
9370
7265
9836
3660
4452
1739
1689
4220
6318
6007
398
6633
1099
7335
8474
6780
366
429
8666
4336
7719
8481
2219
5724
9940
8686
6581
5877
7666
5394
4080
6574
1339
8840
4089
6130
286
3516
922
774
9584
9620
3666
3586
7780
8787
904
9700
9944
9282
6849
3779
9171
9238
1147
9257
7577
1630
3526
5826
8941
7645
9538
1814
8146
2369
3797
1456
7599
5785
6298
259
3667
595
5015
7
8237
6631
3077
8157
1810
5084
6352
2337
9069
6022
10285
8125
9935
7152
567
10146
8414
877
1775
3106
1918
1576
5944
6278
8211
7810
4017
9161
4047
9435
8106
1909
3826
8533
2811
4664
4292
6867
4064
6800
8790
2827
2779
10258
7184
3961
4665
5188
790
851
9735
976
4467
2696
5868
3651
4369
6647
8014
6266
4273
262
3681
2450
4258
3443
2896
4739
4290
1938
5716
7740
3871
8133
5445
8953
6803
6932
4150
8090
9730
5444
5897
7591
2094
7678
7953
609
10205
3091
4268
5600
2381
8926
9634
6423
2444
1391
8258
6824
6499
516
525
7296
10029
5581
9930
4929
768
9480
8637
6671
4028
3202
8510
4108
9753
5344
2174
6698
9068
638
4730
4090
5872
8222
9479
5364
3024
2217
6235
7725
3815
9911
9077
417
314
5315
8073
5586
2006
6263
2455
5110
9914
2436
6927
4890
242
5793
9779
6186
3335
9517
4333
5046
10096
7687
6872
57
3014
8174
3379
9392
5682
7178
5043
5699
7847
4823
627
2087
1359
2335
8311
8163
3450
7351
6122
2939
6673
1675
9429
3189
1485
5915
4212
2097
7974
4581
1119
8803
9297
4255
9401
3917
3361
1660
1659
7031
7816
7795
78
1138
3639
1851
2972
3812
8183
1710
9794
8595
4471
8515
9075
6582
8371
8031
7611
5322
7982
3718
6560
3195
7913
4091
9356
9852
3424
248
5904
7805
2888
5362
7995
1319
7797
9405
705
157
6776
3678
7312
7586
89
1828
7712
7821
8048
7013
5499
5338
2167
3151
4733
9352
5273
3878
1616
5288
336
6988
3665
2665
1518
5718
7264
8021
2613
8835
3834
8506
3452
10066
6101
4723
8387
5102
8023
6302
4381
7086
2398
352
9470
2377
5357
3531
706
720
8618
7179
2206
7041
3705
7453
4230
6967
5325
1310
2433
8131
1343
1348
969
9941
8738
8504
10024
4702
1315
3801
5004
9116
1900
8739
9738
854
8224
5244
1588
5330
6021
7529
1722
1729
234
2708
1006
2239
7582
1062
9717
2754
4020
9003
9054
3682
10257
4213
9430
1816
1149
1915
6327
3120
3288
6634
4330
6445
4012
8868
9526
6558
4104
8485
5869
4407
9612
6299
3493
8943
164
6887
5105
1239
763
6666
4259
3625
3411
2293
2789
3342
5416
7398
4079
7549
4876
2850
6119
6674
10137
7097
3768
5850
8960
9457
7597
6399
3615
8750
1584
4606
5221
1317
9490
7579
2642
10150
4358
6526
3973
8743
5878
804
735
6338
1709
7517
590
9083
6237
5265
7745
6611
6334
7814
5516
9090
8403
5206
6057
7338
3081
8987
6694
9885
9023
8159
6017
2846
7541
3144
1633
9816
8353
2200
818
4639
6687
5996
5185
6453
6492
9953
9306
5926
1968
1320
5798
4593
6597
6699
8118
6187
8456
5719
671
7048
492
1178
8543
2243
3403
9344
2805
10036
4036
5514
10267
1387
1725
8261
3924
2397
9599
3838
6708
8013
4708
5228
3992
9064
8844
5789
3303
7658
5756
5433
8036
5663
8815
2667
9222
384
1261
3598
4922
10006
2510
7511
997
2296
10113
3370
8967
3762
6592
2599
5211
2224
7904
2732
6147
5099
6084
7575
8082
7878
505
8282
5006
4236
2059
9697
6194
3183
6333
949
7703
6088
10037
8571
765
8753
3008
9185
1478
3945
7627
5606
2166
10115
3560
10091
6200
319
2494
693
3588
1373
6507
8431
8555
5294
7965
3931
8924
10178
1232
9175
5939
3784
9012
1940
5153
1363
4574
5053
4155
3143
3866
210
7414
7236
4985
769
6260
3929
6096
8416
528
500
5179
2119
3555
5246
1751
9766
9261
2751
4406
2220
9853
9207
8497
7329
3332
1085
4164
9412
4630
6916
3004
1023
8009
6980
10190
7495
3130
6569
8402
1698
6677
4707
9699
6198
4130
7181
9652
7709
4840
9006
4713
2814
2492
4345
2176
3357
3017
1742
5659
4580
2717
4446
1977
2017
258
2595
98
974
5559
7108
5390
6466
800
7883
7757
8428
3089
8148
867
2442
8432
993
5227
409
9013
8928
2432
3119
4174
8452
5779
9016
3702
6004
5318
4886
5098
8628
1577
929
4372
3946
8262
1876
568
9874
2800
8320
8291
4084
5968
4492
9750
440
8893
5340
960
6727
3906
972
7478
6409
265
8976
8306
4903
6026
8901
4121
10236
7806
6730
7831
1961
4244
6504
7249
7320
9341
9827
3865
7991
7929
5316
5036
8584
3713
7747
3892
8796
5807
1515
6532
1468
2160
7002
10092
2952
8751
7018
1494
8216
5912
3644
5622
3138
3886
3717
4261
2498
2728
7829
7918
10173
2578
3565
3626
9725
9076
3419
3301
7155
9250
3425
6390
6356
8845
2616
4875
6349
10088
2925
8830
3614
4700
3220
9117
8035
1102
7684
1349
2495
8419
270
6005
152
7426
7672
10174
4048
3276
6807
9253
339
6513
10233
2829
71
9402
8592
7997
6515
4138
7214
324
7284
8867
3652
2076
8193
6494
3453
9924
5258
6293
7912
3599
5828
6837
10
9670
3039
7963
3045
9037
2373
5223
1283
2629
620
1974
3629
4223
7077
543
3827
6168
8624
8019
948
2518
318
5818
8966
6078
3543
2081
10235
2604
2387
5948
665
10018
8187
8404
8556
6878
3704
10142
900
8254
6744
59
8309
2105
6205
441
5614
3860
7862
6577
7777
5999
372
9385
1617
5454
640
2619
10160
2984
4317
7979
3250
7248
3338
5257
1543
9639
6859
1299
8263
8045
866
932
8608
7896
4683
