473
2234
3341
2170
9062
201
2495
1976
8891
510
8993
6624
5486
3481
8787
9227
4739
5710
7418
3978
341
640
5918
9289
8712
424
2518
4714
2517
1019
2390
4795
9913
1192
8251
5064
6508
5938
4153
8660
10008
6289
5346
8957
5131
5233
3098
8530
4030
9174
3413
7507
9487
2453
8069
3624
2386
6633
9925
8551
9671
1878
4503
339
8209
7978
8282
4937
8129
6791
6597
8666
10061
2280
3850
3457
9250
690
5291
8610
9005
7534
7670
3961
3042
1042
579
9588
7120
9685
1812
7010
9396
8138
1297
2055
8034
1105
8863
1896
8524
9485
8441
3799
9229
35
6031
1699
9161
2449
91
7321
10012
4954
2557
8281
10041
1479
347
10214
2437
1163
8348
9175
1445
5901
273
1558
8857
8714
8715
5392
4119
210
5571
5598
8864
7446
3500
10190
8699
2615
2684
7022
54
6601
5190
9665
1199
2315
7
2497
7247
7900
737
10186
7850
1021
1353
3582
1900
5766
698
7082
4921
2034
139
7844
412
1052
4021
1069
6027
3323
8013
7772
10047
175
6016
7061
6840
7422
2304
2767
7575
5692
5717
10241
10078
5684
8520
1346
5743
1017
32
5986
519
6558
653
5239
6781
5345
9380
10133
1307
3466
954
5462
8424
10223
5374
2535
4726
2239
2824
6853
9914
9825
3177
2366
6663
6991
3050
3917
7548
7993
5614
289
1688
2094
415
3790
5227
3094
643
1872
3396
3105
9672
558
3883
9363
6549
2123
10218
9760
5647
56
9857
7294
4215
4339
5729
8410
6229
5756
5096
3340
8908
2970
24
8827
2917
8447
5350
2554
6753
1961
1943
2296
870
7020
9241
7347
6646
2299
3983
2438
10248
4974
7275
1207
9416
5473
388
3158
3362
457
3727
9997
3314
9511
1862
6564
8302
3911
3154
9815
10210
5414
4479
4847
3954
2764
2785
3219
1865
2653
3515
8453
6834
7505
10202
8554
10166
7445
842
2404
852
3126
2308
1086
9896
8536
5577
5422
378
4858
3272
8007
10119
8006
4800
7703
6056
8502
3298
7084
2989
9319
8119
8355
2360
5339
2231
9998
2739
4256
7834
3444
1350
334
8594
8156
6572
5059
5262
10139
9171
1546
5670
9196
5029
9964
2210
2865
7052
8226
9740
4632
1580
1295
7940
9194
8824
2191
7963
491
7941
5425
8491
578
8256
5529
1981
136
5069
5258
5943
5507
2155
5541
2798
3747
4214
7624
897
6306
8451
9723
3811
9774
556
7785
4521
765
287
1424
9854
7594
1819
10149
6432
1827
190
7877
10259
3952
4208
7308
8751
3778
8418
4801
1995
5786
699
1509
602
2182
5822
5762
2019
5525
1704
3836
9347
191
5501
5913
6125
3563
5089
5855
2406
9625
8070
493
3629
6751
5013
7001
6530
2514
3501
3188
5972
8324
484
6542
2956
7734
141
8735
8464
2549
6246
6379
6974
10100
8011
2069
8813
243
5250
8941
3913
9099
9900
4587
1694
9477
8195
1755
8017
367
9430
2637
7569
1497
3971
4332
3822
3948
3784
4155
3975
2113
724
9121
2570
6900
2516
6953
6107
9817
9011
837
9737
6520
9251
5604
520
7759
8755
3892
8321
8515
10205
2058
4941
7654
394
6847
9510
1504
4543
3423
2038
2780
1066
5667
1338
2664
7528
8878
4792
4466
2488
3364
331
5803
6576
7105
4180
846
4055
2839
113
6204
9929
3523
7588
8331
4692
5453
8806
6363
9269
981
946
3436
9422
3136
1750
3815
6148
6651
2814
1416
7070
7314
722
4665
7073
6180
7404
107
9935
6386
6410
4606
4888
3122
4526
2788
2265
8179
7710
4602
4294
4952
1757
9664
9377
8148
9093
4493
8527
4922
2531
3293
5030
8587
8078
474
559
3228
8886
5871
3233
2040
9494
6948
6124
4840
8623
7493
6251
7040
1760
9906
8550
7647
7600
7383
6607
5135
2783
2101
4078
5166
516
7212
6357
8727
2732
5634
5687
6397
4365
9107
8035
8400
4993
8155
10184
3007
6189
2543
2726
1039
7610
10060
8073
1453
3943
9705
6177
1459
7998
123
8092
8514
34
8113
8063
6294
4685
6760
1104
8504
1877
5895
264
6380
8417
6046
6291
959
2153
6907
6181
8721
3690
8338
2271
5638
2161
654
8440
4959
4814
6166
4439
8053
6465
5941
2538
6064
4520
3187
2025
4029
7848
3411
2267
2018
9126
3905
9903
1060
7959
7970
7185
1057
7989
4101
44
9434
8870
8980
6145
5164
3568
8764
7769
9873
6039
33
5072
635
4560
10074
7946
8707
5607
9184
9256
4067
4841
376
8708
1598
4709
9660
3108
3170
4298
969
6224
4775
9535
232
9294
8427
2519
9948
8012
4686
4464
7829
4184
3900
4147
6638
3059
8631
800
6184
4584
9847
532
6903
2310
390
4068
6680
2263
6337
6562
4826
6504
9803
3270
5869
7348
7152
2414
3064
9614
7625
2973
9399
4999
7815
3989
4997
2011
6944
931
4272
9406
7274
2742
735
7081
3874
5513
2644
9628
6779
7571
1708
2484
8997
6231
6241
1389
7570
50
8165
8840
5695
2614
9018
1574
461
1544
3716
4127
920
4932
10054
3342
4891
6040
6300
9963
5487
8994
8576
7591
2142
8513
3265
6934
5581
5152
7218
594
5916
773
3934
2971
6998
6028
3950
6374
7199
8383
7593
9729
8645
1730
6099
1241
7245
6265
4416
7156
3984
3361
10216
8562
6575
8456
449
5605
2046
7428
8396
7130
8145
5432
6472
1804
5676
921
7484
8663
3387
5897
3325
2209
7475
7813
9357
1569
2616
5441
9573
6258
10000
9904
6084
9514
2120
2268
5625
1882
2137
1062
683
3263
790
4810
6605
4117
6326
9560
1484
3877
4167
1842
8500
1081
4956
5627
4046
8518
636
6669
7722
101
1566
4343
6408
8830
7272
238
8246
6393
7947
8533
4374
169
6376
4836
1193
7341
296
604
2636
9751
110
1901
6559
9293
7373
194
3305
784
3528
7410
3199
7110
10200
4752
1352
3851
8784
7812
5930
3926
5827
6815
4715
5655
5518
6004
7077
907
8163
6486
1362
2934
4100
1545
199
2420
5365
1161
6421
797
214
4039
4657
4032
3838
9191
5009
749
2555
3388
1820
9500
8978
2190
182
7400
8332
6469
3642
2620
8942
4299
4822
7904
8419
5727
9420
5559
7773
4532
4221
1913
8116
1247
8257
4778
7843
9558
9733
78
6282
2646
7023
6471
1889
4504
6984
174
4687
5396
2133
4396
1238
7344
4326
2483
3384
4325
8905
8204
382
5799
1218
1357
9133
1492
40
1838
5866
4442
2883
4480
6383
4550
5872
7701
2474
8192
2117
7864
6431
1638
3214
882
10144
10264
8310
9937
152
2482
5249
2477
5299
1356
9189
4242
3853
7045
7907
3349
5761
7325
6635
3374
9050
1642
3448
8691
8118
5183
3493
3075
6587
1564
9471
8788
6070
7704
6941
4461
8794
6861
2563
8
3909
3923
8470
8658
529
6367
3291
8637
7518
8244
8178
2357
7793
4636
8638
720
5222
3546
3662
3814
6468
3271
9095
6094
3639
5621
6756
4987
7766
5885
9177
527
9470
6644
3644
5954
3498
5934
8452
9384
4816
8902
5937
2302
9890
3247
525
5589
5188
6493
7432
4698
5569
163
2344
4015
3594
1927
4210
7826
4251
3008
4334
7478
383
255
2571
3746
817
4152
6728
945
9522
6962
6660
5105
3536
9239
8294
92
3661
509
3995
6582
5464
10283
5829
6340
5053
9426
3433
5574
2618
2152
1123
1512
2712
8327
2032
5720
4537
7168
4812
4495
1088
4499
3733
5636
2250
1040
2281
9880
8667
1533
2699
6249
4355
4185
8025
3846
8540
9617
5568
4041
813
4445
4964
4007
5801
7897
6622
6982
8386
5323
5315
325
1183
6923
5252
6615
145
5498
4786
5746
1090
8430
1844
5117
6876
247
7455
3707
2997
2972
411
8076
6092
8328
4689
9638
4627
9497
2245
4112
5070
8810
5316
1013
3880
4564
4047
4723
5857
4316
10252
7427
4324
8149
7112
8904
628
542
6678
2427
3683
4300
4160
8654
7833
7726
7266
6529
8363
3721
4111
7909
3611
2199
3407
7819
4018
5159
2223
1206
4820
2662
5313
8877
5794
6626
6400
7011
3475
4608
5456
4478
6614
10140
1955
4186
2926
2607
3669
539
9388
4435
3552
1962
3378
6019
4955
6103
5341
10268
5601
5848
9408
5136
1262
52
9528
9936
196
8136
7029
6957
2725
8421
3768
7649
5742
6327
1272
9899
1034
5002
471
1422
3218
7613
7320
2954
8617
1729
5522
1277
1914
10019
10276
6908
7838
5482
1038
8435
8114
6879
4130
3292
7702
2165
656
7273
9333
996
4292
3534
1627
8793
4031
4973
8208
6503
8757
9146
7091
1793
4449
441
9940
3741
2412
5272
1664
9092
6901
8590
6226
3150
7784
4131
1025
4431
5154
3097
8937
6532
48
6506
8936
713
7280
7918
355
976
6491
2500
9027
1906
9627
5071
93
202
7644
6168
984
9086
3613
2294
9955
5994
4329
6395
1211
4472
1942
6538
5592
3180
4790
6484
1983
9066
4166
8916
903
4651
8826
2979
3829
3842
644
2216
9096
7746
8845
8425
2237
6994
4957
3653
4527
9609
5693
3740
1724
10203
3554
6969
9999
3503
5565
4245
3734
7309
5494
2654
5924
2667
10174
1461
3709
189
3578
2886
3061
4960
8173
10155
356
2634
434
6215
4851
7219
6474
2967
82
4320
9474
10010
8381
9636
3083
9157
4975
5257
7602
9819
1037
9764
7494
3145
5891
4410
1968
4157
9502
3630
2136
2079
544
8437
6351
6681
281
1402
9917
10242
8951
1768
4328
5566
682
6269
9881
10082
6025
6999
6787
4000
497
585
3087
2963
6007
4382
4947
5663
517
673
3875
3442
4103
9647
7026
2716
4505
8961
6086
8295
8081
651
6174
756
7189
7969
2282
4364
1947
7259
5843
3693
2950
7033
8062
504
9876
4481
4734
3186
7757
3807
623
3539
9051
9794
2184
3788
4880
1075
1165
4946
9274
2792
4008
5917
8144
932
7908
4403
9989
3307
5119
7305
5590
5947
421
10003
9077
10101
10005
7860
6131
6748
263
1744
3182
5271
2177
9868
8888
3648
3719
2487
7408
878
5311
4879
4676
2524
6988
5335
8894
937
4050
2908
8992
267
3887
4612
2906
2530
9103
3066
2861
9367
1748
469
1232
8570
3185
6324
1695
6257
3377
2185
2221
6218
7158
3427
4582
8026
7558
9848
2779
6037
9352
5327
9358
8169
9153
3254
2668
2952
8074
6403
7005
7962
83
9712
5198
5856
7440
8918
999
9534
5349
3386
3109
9169
6394
7678
9557
3860
10021
853
2167
5197
6727
1650
3147
5550
2864
4583
10018
1010
7097
6359
3198
8745
8218
5637
7648
9757
239
2580
3484
8280
4228
8664
417
97
9828
4388
3706
1224
9574
156
427
8499
9354
6067
5332
6480
8444
7768
3576
8224
2749
928
1015
9238
2071
7681
5686
151
2241
1902
10206
8123
1114
1077
7831
7690
4224
8335
2478
10280
1028
5431
1219
10075
7808
4552
2602
10072
5562
5133
4843
5949
2810
8197
4216
4375
5484
4012
5352
2118
7837
9920
3005
2962
4542
1666
1303
8862
7496
5546
2000
9180
3461
7611
5888
8852
6203
6006
3509
3017
5294
5654
2822
4598
4837
1020
2678
7102
3117
2278
6662
7641
6352
2582
4199
6495
2878
3553
8987
5485
5377
5167
9164
8798
7886
1779
6527
7858
3640
1001
2561
8629
4844
3777
3532
5701
4868
734
10132
7042
1300
6428
8350
7665
8202
8599
475
4695
9750
694
4535
3086
9417
9320
4770
4025
9495
8105
8050
1491
10039
6536
4749
6702
1033
9856
4135
6331
880
5087
7188
3139
6169
6047
9611
4056
9610
4192
8272
4468
6320
7725
1314
7064
6296
8822
649
5036
1221
9897
311
5708
9045
3711
2681
6271
5268
7142
9204
8752
9236
3979
6020
4962
6242
10093
6490
9389
9058
1684
6321
2010
2836
7138
477
1310
3415
9605
4866
2501
5269
3197
6157
5971
1615
4658
2448
8107
9084
1142
1540
6548
9154
7415
6318
8602
3700
2181
7489
5128
4264
6225
7123
2881
1420
4938
9429
1474
7865
9019
1202
2760
5390
5677
8150
4630
7576
7705
2888
3102
7939
9129
1493
6153
3051
9432
3257
9754
10219
10232
7443
6377
9247
4359
7459
9249
7965
9397
10148
3173
3131
1969
3489
413
6155
3009
1332
1678
2119
10154
1994
7910
7866
8346
2217
6396
1323
1934
6011
9626
3655
3019
1217
6774
9072
7058
9509
8022
3854
9234
1154
4718
7736
433
2985
359
2830
6716
4659
4989
4838
4940
1511
6752
3894
8152
7378
2904
4405
7405
9823
6676
6071
5438
8630
4913
7720
2821
1245
6487
9115
8382
8265
5459
5106
5213
1881
1425
1775
7660
8002
6868
2392
5789
20
4640
7942
4045
3458
1181
6328
7480
5567
1210
8198
4042
9895
2346
8677
9109
3579
451
9337
1373
6404
425
1127
6488
6829
10277
8853
7853
9444
223
3345
1754
990
5914
2435
7324
8279
2715
9473
2255
8965
7017
9552
7101
5277
8720
3977
10106
447
7651
3152
6002
3332
9554
2348
3231
6744
7458
3529
3886
430
555
4566
9921
3956
7553
9246
9056
8999
4494
4907
8620
9100
8254
10126
5834
4780
8292
446
1063
6544
8269
7498
7906
4764
386
5426
6577
7036
5973
2505
9958
9424
8293
9104
4391
7936
3338
9600
7107
2043
7002
1907
1725
3827
6126
681
2647
10134
1974
6261
3491
10189
4239
1801
8759
5697
5951
4773
5057
8019
7659
8914
7995
4173
58
7251
8288
3692
10050
6304
4049
3786
3502
8175
1657
2251
478
2515
2445
19
8702
6897
9643
4603
1469
6569
1476
9368
9162
5449
1311
7707
308
5578
1892
8539
6080
2087
886
8741
4291
5032
10121
6221
890
4087
4091
2923
5768
9932
9901
8612
9736
2572
7087
10213
1056
2418
1116
3195
6362
66
398
9713
5278
9137
9117
6533
6433
7887
3687
8913
6417
9211
8652
908
7106
4458
874
8016
1625
3800
6705
1861
3834
7447
4395
3215
2863
5538
9482
2173
9898
5533
8474
3400
1919
4870
4336
943
8166
3996
2330
4768
6825
9651
9571
1991
8837
1965
8956
2020
4854
9993
9769
8397
4557
9219
8472
4145
6210
7945
9248
7753
401
2224
350
9176
10122
8927
8883
7182
7195
2998
8971
3153
3336
7661
1651
8506
6140
7127
6627
2925
5215
7541
5812
459
1177
3792
7958
2574
7133
3809
693
5782
952
5580
9607
9532
6429
5151
2036
7482
10026
2633
1686
5920
1551
3010
6161
743
1340
1515
5716
7662
9908
9016
1759
2720
2930
5715
9119
5884
2028
9861
6992
3766
184
8415
4474
6329
2576
2546
6105
7269
9907
912
2980
3849
582
5231
632
2229
3755
729
2336
438
4887
7385
1503
4568
2499
6625
7483
6239
7802
9795
803
3239
9536
979
6845
380
2051
757
806
2342
2689
4711
4713
3780
4549
2092
9469
7738
112
7871
9668
3456
802
876
6214
6631
9496
8763
5375
8858
9311
1094
2431
9598
144
1213
7485
626
1125
1875
9483
6510
2650
4413
8377
1764
9073
9158
8649
3488
6100
5908
6053
7608
1987
1101
8479
3062
1466
5266
6977
10086
6636
7173
46
257
2269
10235
9602
10163
10077
6691
4409
463
1622
1734
5440
7054
7362
2399
2242
3310
6842
9287
8337
1450
913
328
5146
3261
9802
8058
9547
3848
9097
8842
6972
3882
8929
6127
680
9132
5688
1397
3431
785
5502
414
3960
5076
593
5610
782
8413
84
5115
1012
2619
2508
1617
4061
8605
6213
4580
8634
9461
6072
1513
8289
8839
6838
6042
4755
6759
4115
1113
3141
9223
6193
7230
9263
9041
4693
7500
6701
1005
6441
3067
4646
835
9689
679
6550
2529
2605
9621
327
1964
7072
5245
4071
10108
373
9589
4817
7350
6664
7125
2903
6323
6980
1486
1215
6872
292
1630
3737
512
7265
23
5929
6844
7170
1234
3013
9835
1930
6435
3896
6298
9872
4168
1006
666
7098
9714
5007
1253
8267
5824
2838
8688
10
9973
5831
2385
5212
9603
3567
6322
2660
630
6875
7349
5865
9972
2677
1500
4225
9450
7987
9582
3764
7027
8408
64
62
3847
428
3972
934
3260
4597
9048
2446
9307
1270
4052
851
5214
8890
2189
6444
10162
9022
998
6686
9549
8591
8780
3839
6419
3841
1179
780
2391
3592
9393
9390
7691
6990
4828
2758
9309
3326
1575
5149
4162
5427
5726
6270
5495
7721
7836
2911
4936
983
7451
6786
5906
8543
6585
5065
6422
4268
5304
1393
669
2598
2942
8316
6141
6690
5769
9622
5779
2873
3266
9892
3705
6062
9290
75
2343
1156
7488
10123
105
9312
6973
9968
9546
9789
1290
5418
9207
1808
9858
3920
7381
2291
3273
7398
128
8409
2417
6768
10116
8910
9730
6254
3137
4694
8299
5292
1374
3824
986
2202
5561
4114
5054
2983
7752
3856
2884
8371
3256
5821
10042
2175
1312
659
10262
9037
7582
8248
6950
4288
5283
345
6466
3760
1175
12
7601
2329
4164
2108
301
3685
8896
2193
3828
710
4721
8146
1679
9047
5216
2893
7525
1097
8020
4229
5051
1354
4596
7009
2134
1188
8841
1237
5263
868
2734
8189
124
1765
173
7839
900
57
3537
7287
9538
6178
5417
7094
4423
7931
9527
10191
10183
4104
192
9376
7323
2106
4202
2825
4855
10090
1173
9515
8404
6818
7744
8921
6871
4304
4095
7732
335
5318
7801
2001
4859
5130
4827
5889
4194
8622
977
9181
396
1829
3289
4002
9295
9349
7626
6540
3544
5384
8580
8986
6243
5993
2651
4258
1645
938
537
5526
8277
2768
3723
4295
6461
1379
4371
688
3206
8449
8960
5084
3104
3302
5353
8906
2520
8039
8094
2141
9834
565
4803
1739
2262
6012
2378
7902
4066
4719
7517
2026
1119
1547
4038
5468
4573
840
2415
7975
7561
8880
857
1520
770
1935
6766
9953
5851
6857
927
8564
6121
2103
7854
3496
2288
4523
1138
1386
2676
416
2397
3470
407
9663
7698
0
3450
4337
1950
5512
231
2454
3511
4708
3255
4512
4594
744
3659
9555
4710
6989
8640
9816
6505
1543
31
3634
10179
7927
4026
18
10120
1360
5420
8259
10058
2872
4625
9981
7892
3201
1675
1437
1510
266
399
10130
9053
2244
9841
6916
9108
409
2316
2306
795
171
8670
3717
754
1811
10147
3043
3047
3550
9694
6567
10049
5536
7767
6066
7150
1268
2774
9370
6090
5226
6931
8739
3521
8443
877
8600
7982
1337
1167
4128
794
5356
825
5817
6850
4231
7742
6881
4311
2594
6880
8490
672
1644
4981
274
8140
381
8535
8924
1030
5809
1888
4399
6078
7211
5573
3888
2804
4949
7008
8319
8367
5932
1516
5880
5952
4006
10227
9595
4010
5668
4110
5849
5807
1612
116
839
9902
8583
6093
7791
5344
7161
3409
1159
1448
5407
1263
9883
7204
5305
8141
3471
6983
4697
2692
10063
7630
655
8771
9316
3124
2540
6451
3416
8701
3945
6182
3128
8703
3714
3138
2889
7296
1231
3987
5388
507
7302
5493
3492
7845
3054
9523
2843
10095
9123
7792
3286
1191
7914
6911
8606
6303
8436
10229
7506
1255
3000
6065
3679
1508
9838
9556
2192
8734
1607
3997
4150
6247
6186
6283
7538
6763
5406
3189
6057
7174
6519
2233
3820
7436
2341
1960
4363
2006
1971
6930
8766
3454
2057
6915
4789
7491
3243
8604
3654
7925
4488
8705
9845
7952
5795
6602
5373
642
2805
1635
9541
8232
4501
3990
3810
5579
1732
8675
546
719
4656
1135
3840
6325
5696
5284
5104
2097
7884
3816
7473
6888
7849
6736
549
2581
1954
613
4895
4619
4490
7439
2769
209
1596
8963
8059
10169
1421
8075
1078
2426
992
5435
6643
2367
361
4368
10128
9001
2669
4338
4169
8147
9778
572
7504
6017
7268
9178
8407
7315
291
228
9615
5989
7279
5364
3862
5883
8692
4846
7552
3020
8673
7401
8234
2659
1325
9634
1813
7166
8225
1786
909
6913
7387
9156
3915
8243
8188
7434
8758
9637
8911
1834
59
9442
4454
1826
9413
7000
8391
5893
1629
4591
6604
4813
1726
1385
6134
7750
8429
5162
3063
1227
1857
2226
2723
234
5962
9407
5802
4916
2670
9455
7356
10222
8215
10251
7206
8555
5177
2959
2902
1134
7316
6628
10161
6069
7233
2458
7223
8690
7531
6448
9707
8814
1260
5816
8359
9136
811
10221
6136
911
3708
10080
7397
4191
3241
3580
9584
922
1588
8791
4406
6061
6085
2551
7992
1731
3677
2526
3769
4118
5683
8487
4062
9565
3425
4864
5586
3422
5489
1498
5415
10046
6139
1559
2914
1147
7164
7669
9163
6452
8776
4075
6284
8821
3417
4595
9462
5657
9147
3041
2588
8501
8671
4871
7228
7406
283
4850
973
3890
657
5148
9666
858
487
452
3156
862
9490
8651
3518
4448
9023
9498
7076
7655
4266
4852
8255
8736
5079
521
2135
2649
9298
4575
10044
85
9942
7933
3944
9464
4848
9324
6741
3702
5881
7789
9436
8268
2586
3267
9911
2030
6144
8742
8799
109
2957
2317
4346
6714
8102
3495
6507
227
8010
8985
7870
246
7820
1326
104
3335
9686
661
8284
7318
5556
7645
6372
4897
2857
70
10143
6402
3729
5499
3430
7913
2794
9244
3940
6993
7177
7972
9179
4444
181
5098
7516
4666
5969
4556
8015
8068
7271
1613
2045
8697
9785
1032
7403
5308
5219
5733
7331
453
6902
1024
9568
2470
7835
7224
5587
6338
4525
8575
1735
4901
2866
4058
2627
9601
9074
2592
4048
8903
9391
7873
8344
3599
7783
7673
3572
1501
4943
8968
2369
3121
3300
7018
1412
7254
6573
2965
4462
1404
7676
3418
3112
2286
3281
9069
1002
9519
5635
4183
8682
1201
6819
9395
8868
7290
7499
431
3564
3167
3264
5805
1637
1169
8601
3443
9185
8619
4211
8516
9649
6884
5455
7623
9620
9170
1371
8706
3505
8372
14
9631
2401
1375
4547
4588
4253
2935
2901
1698
3918
5232
2186
6685
5690
10006
7389
691
3200
6101
9277
9101
7180
7719
6494
7047
3235
2422
5330
6354
5224
1083
3449
5123
6890
2735
6164
5434
675
7605
4014
155
6726
4154
714
9824
5940
8064
6475
1709
5145
4121
6642
8048
7351
3424
4107
5572
4961
904
7777
4345
7468
7967
5656
1489
5158
9700
3558
2347
1248
4727
8728
2403
3234
7997
2455
638
37
4914
2240
3193
5713
2626
5113
2750
1394
807
4437
1670
8390
8774
971
4081
1305
609
9195
7116
7977
3419
5211
3771
3412
180
2713
1659
5774
6673
822
1190
1133
8406
7986
5966
9272
3986
9863
4958
3116
6088
8214
5731
494
766
7238
6262
9702
7460
4347
10176
3190
8696
732
6775
7371
313
8548
3476
2219
10215
9128
10270
947
5738
2849
7286
9332
9114
6846
6227
9640
8230
5826
5161
3351
2609
7537
2912
5545
1243
3027
4165
8860
8933
4120
188
2835
4885
3339
3927
2536
1331
3526
6137
6790
5092
9134
6835
3295
4182
6236
10028
9242
6366
2218
3480
8241
8190
689
10180
1952
4513
5985
2851
8467
5126
8485
2148
10285
6869
3004
2126
4545
9034
2706
1539
5472
2847
5097
5187
2063
3531
6560
5815
9642
9120
8315
7851
9950
130
9081
3317
7207
5383
3910
4805
4179
1126
9071
1229
9699
2214
9330
5808
6521
4269
3072
7172
5963
3999
4487
1398
4387
5408
9410
8356
6185
8093
3467
4862
448
9381
8512
3333
2672
6579
3322
9985
2413
2981
3408
7412
4473
1089
827
4867
450
9690
499
2303
10105
372
249
8313
5405
6130
9141
4175
10073
8738
5310
1283
4779
4835
5343
6455
5320
1528
3688
5329
6687
4024
3750
332
1672
6710
7200
1937
1249
6721
8278
6082
8183
3931
9452
5753
5037
2300
6501
7354
7336
3794
5253
7724
7327
5129
7307
6807
5791
8438
3022
8556
568
5798
7261
7157
1824
1841
561
6108
10014
1264
3011
9721
1711
2685
1454
9570
1594
2042
4856
7973
8097
7756
1378
3627
7431
1388
2298
2632
1477
4807
8172
9596
3446
4781
3095
342
1710
9931
4890
6438
5923
531
4762
4799
6893
2187
6458
5734
2035
3857
5194
5905
7580
3110
6317
1468
1876
6146
4265
5342
10266
7044
7781
6446
3932
4950
1682
4418
1383
5600
5544
8125
5996
1830
1189
2544
2274
9235
4411
2
7004
631
4428
5144
6959
241
5428
103
2489
10198
2658
3772
7587
10085
9379
5757
302
6201
1633
100
2068
5665
4849
1884
2600
1271
2631
7169
5086
6074
9078
496
9006
3077
4452
9216
8829
8998
3373
2168
3397
7049
6087
2593
4415
7529
226
2638
204
4604
4796
978
1014
6700
5575
4774
5282
3078
2337
7368
4309
8966
3088
10031
1079
8614
6849
5091
1328
4060
5959
5028
7186
3897
5582
2015
2158
5288
10217
5241
6877
5707
9949
1007
4491
3337
6909
1560
961
6073
5878
4531
855
2992
167
8952
6399
2690
90
4845
8047
8357
9846
6142
4028
8072
1747
7291
6684
400
5395
6882
8869
7532
4257
515
9382
7527
4567
10059
1714
1818
1912
6945
1282
2811
7420
5461
2351
1866
5333
6968
5404
5671
8545
2409
7961
6712
3651
10181
8947
6375
10209
7108
995
2579
7584
6985
4908
2486
9743
5300
7683
4518
5314
9116
3761
10024
6986
4361
4570
9962
5102
4009
6745
7426
351
1745
8811
418
2206
9245
4639
4788
5780
8001
224
1131
2353
1619
6110
2355
299
8732
3957
2423
7210
4482
1246
7375
9951
9329
10199
2876
5481
1781
4436
3569
738
6755
9777
1364
958
1462
1632
3831
1591
7711
5718
6509
7444
8950
10056
6454
9775
8416
2462
6500
2469
1184
6737
9303
2848
45
9152
5629
9359
7469
6563
8153
4899
1280
6565
8314
617
10192
2089
524
8967
9010
776
3551
10159
5705
5289
2611
2727
3331
8836
5132
162
1464
2560
8018
2088
444
6921
9782
9268
1717
1782
7822
36
6457
5457
7760
3969
5771
3638
170
4171
2048
4088
6183
3919
4951
314
4314
1322
7583
3868
4756
3053
8031
5942
9472
4307
3555
7345
393
3410
6798
9209
4522
2256
3736
1145
7239
3163
752
4680
7689
8380
2573
6683
2624
317
1707
3703
7754
778
4509
2604
574
10168
7895
1465
8686
6314
2122
7124
4618
6256
7216
9405
849
2776
892
10015
3701
6839
205
8974
2765
4539
2402
1279
5617
6223
6695
7524
4306
3311
6160
5844
1984
9763
3789
4178
9801
8222
3092
6805
5909
2880
4980
6267
887
8291
7481
3765
7284
9024
1045
6743
1944
10109
4233
6412
4972
5403
2257
2107
6848
2354
7618
3327
8988
1111
9276
9105
5156
9284
9836
5042
8308
1273
8926
3069
2024
4204
3628
5830
6335
5770
8296
2411
6079
4360
7733
547
1716
5673
297
2639
9996
5842
9260
3636
2421
462
5976
7391
4672
5980
9905
10160
7544
8511
3609
1016
7202
6914
7796
7300
9585
9887
6005
5615
2252
7718
353
8786
3615
6640
4607
6281
5027
2162
1102
2545
1727
5093
1562
2056
614
2710
5890
10040
164
4440
3280
4507
9749
5846
5633
8211
3912
6592
834
9531
4783
1365
197
7113
6195
3970
570
4982
712
6813
2204
3520
7590
4308
6975
7231
3801
6620
465
1392
2511
5265
6765
7832
6802
6063
2004
2022
2146
6191
5171
3316
2991
5099
6077
4254
1527
9182
9003
2027
9977
67
5411
7971
6598
1143
1851
7821
2248
7203
7640
3118
8672
8067
7395
763
217
276
2309
6531
3250
3123
9758
9465
5776
3561
9317
1451
9082
7677
7396
3958
10225
5960
577
3805
3570
9282
6892
3212
1235
206
9240
7949
9222
6373
4197
9946
3930
7585
5991
117
6697
9762
7490
4270
9142
5496
4601
9131
716
3437
4647
994
6827
1777
245
9088
6777
6528
4787
304
6436
6837
6252
2771
8719
275
7236
4622
6885
6485
252
4968
5535
5907
8972
1583
7512
9488
9684
2279
6423
2613
2993
9233
9888
1910
4534
2550
1359
1099
10182
7786
1064
2697
6414
3783
1802
9624
10228
6617
7612
5887
2808
8185
8385
2091
891
1284
5260
8523
7882
5664
1432
260
6116
4327
6832
1803
5127
1959
2114
4141
5348
10244
7208
6158
9986
7155
4737
7425
7441
6263
5274
8589
6371
8676
140
1728
8180
7328
4985
5998
1309
7842
9454
9168
5682
5772
1327
5602
7709
8240
5035
3674
3645
9773
792
9230
8056
3365
5758
158
8867
9232
5180
7225
9387
2444
2301
6824
7243
1091
1242
5899
6109
7898
7841
1257
6958
9613
1636
4945
9346
4772
5547
2578
7708
6339
4132
6343
146
552
9941
5248
5936
9255
6045
73
1926
9401
3724
6960
2751
230
5723
3774
8213
2523
522
8498
3460
9924
2754
8955
8392
3455
5564
1036
2461
1563
9286
4832
4469
6682
5639
7771
8866
2682
7883
703
665
3593
8940
9383
5469
5355
3082
1641
8560
1027
2833
3018
9688
841
962
881
2496
3610
9265
9987
7502
8846
814
2816
1495
4093
7879
290
1603
9237
5752
2491
3176
5460
10068
2196
2587
9797
6370
540
1784
2213
6593
7990
3321
7021
3101
9709
3096
1874
786
4696
4408
9885
5293
847
8538
9722
3743
6864
6918
879
4398
829
2599
489
3032
2803
4620
2075
1447
4933
4730
2163
271
7281
3575
2151
3583
4022
7521
6202
7083
5026
7657
7024
6230
1093
4902
10088
4263
3535
9231
3916
9029
5979
9564
5603
3347
9710
4302
1067
4900
7394
17
9526
10110
505
2937
6870
2100
1586
1415
7409
8856
652
9435
861
6310
4998
7937
8893
906
8181
1407
8084
9458
1151
456
38
8065
9252
9057
9701
951
6742
2728
7160
4092
2820
678
2756
7140
3658
4392
2379
3835
9507
2246
4059
4533
9160
7852
6206
3414
9386
6754
4020
625
5234
5044
4285
72
3942
894
4942
5689
3749
4470
3363
2096
10208
982
8915
2641
3889
1380
5295
5141
3262
3601
6420
7715
2915
9814
5675
1490
5412
5296
7095
5230
4373
2395
9662
7695
6470
6932
9385
6887
3178
9944
10076
5443
5721
6514
10125
4732
8716
8250
5324
10156
1553
5080
2738
1525
6255
4260
5303
6245
5024
8685
2941
6731
2230
4554
2533
3093
2086
4886
8816
4667
974
7503
9418
10141
7905
3355
6033
5454
9810
4283
6797
5340
6398
7889
8531
319
1576
8875
1439
8709
5860
7668
4083
7317
7114
4538
3696
1967
7456
1741
3694
6464
3607
9976
3974
5488
172
2879
1308
1932
1433
1108
3350
595
5358
1758
4352
8938
3686
6502
660
10145
6689
9102
9503
5813
872
3759
9597
2313
7306
1536
8088
4492
5429
10173
8484
6369
2176
4735
8679
476
4690
7999
9790
467
1330
9866
9517
6162
9587
2763
8009
3359
8522
548
4351
8861
4511
3151
1904
2842
3574
6886
6117
3368
6097
2831
3249
8201
8744
4497
2687
1521
4905
8233
4051
7326
3084
1427
7728
7979
3981
6276
6859
8459
588
5008
708
4767
8615
530
9539
3704
5739
7938
4177
7861
5680
8101
8882
7788
9832
8573
2180
9402
10282
3663
7292
4592
1740
2157
6147
6583
6199
7217
5155
2472
9085
1597
6698
9744
1665
5984
6336
7639
9279
4561
3175
1136
4917
9656
5981
1696
1203
6812
6038
6584
1366
4063
10131
4675
7190
2430
6154
4638
9489
10104
3527
1833
7862
3739
5543
480
3404
1457
11
4293
9970
8486
9781
3543
2628
9826
3453
2259
6418
9214
5987
5209
8731
1140
9871
2276
8117
5576
1391
5031
3758
445
1109
9682
5088
9308
3818
3530
6647
5551
1761
5424
6350
6906
6591
5874
6058
1170
7495
4280
2460
3164
10178
8509
7579
6222
6734
600
3925
6187
6771
482
4189
923
1463
5958
6621
4174
2116
8954
2741
9197
830
8574
7797
2761
6009
9870
6347
9
8343
4421
6023
1110
6387
329
6679
5735
8345
3605
43
7899
6171
6979
4927
21
10245
6672
3899
3756
4648
3776
8029
8770
5218
5646
2359
1518
7763
6165
4027
9652
4057
1702
1361
9403
696
6407
6003
8401
4797
9677
9661
836
5470
8249
1414
1436
3631
1715
4064
6924
9481
8054
4142
820
9266
8665
9000
3519
2707
1570
6483
7424
9203
4577
5645
3994
1953
1940
2382
3947
1978
5722
7246
7795
8596
9796
9055
4261
963
8306
1577
7450
3036
1341
674
9044
8481
6311
2164
10004
888
1609
293
2227
5095
7252
6280
7751
10226
805
6699
2396
6128
9742
8496
8608
470
7414
5062
6746
1816
375
6658
2194
3861
2648
8079
363
1772
7615
2714
6001
5714
5956
1681
4236
7283
6167
3812
1084
9201
5398
2429
8964
2110
2832
2253
5307
8049
7859
7755
2318
8922
7360
993
5548
3090
7891
6413
2323
8262
2138
9988
6657
5281
8052
7955
8004
1778
6694
1117
4074
3872
364
4096
4785
3873
6566
4691
2717
8817
7637
3208
2510
2840
7749
6013
5935
3516
4818
4301
2254
8137
374
10136
6482
7464
4882
198
826
9459
5528
9340
4203
9217
5040
1800
5204
899
4500
2468
1342
8624
9659
6481
948
7555
2877
5530
272
7183
8595
1916
7126
4212
9198
2132
518
3403
5168
832
10097
4247
9747
7043
5864
1517
9579
3428
5922
1530
13
5660
7449
6675
1573
4427
77
6599
6637
4939
6820
9980
4750
4703
4631
9467
3959
1590
10152
4318
486
3879
2525
4069
7737
1265
9734
10151
6951
5184
9202
5750
2553
2537
9792
6821
9518
2493
5191
5100
2898
9567
8276
6978
9079
2074
9323
4684
1200
10096
8261
6264
7741
5698
8412
3540
9224
6018
8976
2205
9159
9151
9165
3438
6809
9331
622
1917
3566
5225
4742
2770
10118
6385
9809
9206
4335
6729
2766
9183
6649
6112
4
7560
1044
3114
8077
8693
3213
4776
7672
9650
8121
7304
1756
1581
1172
4699
9506
7520
5506
6667
8060
4085
8812
7950
262
4769
1168
8174
5593
9419
440
6556
420
2393
1269
7201
3557
5416
1541
5043
4187
8300
148
575
10081
5955
408
5820
6075
2178
3334
9017
6652
8120
1071
514
5749
4471
3366
2887
2964
871
5825
6152
7372
545
1552
3937
5719
1128
6010
358
3670
8991
6762
9257
4331
2327
422
4149
1059
426
3510
4223
3006
8133
4682
9343
5500
4181
2052
4669
7664
3224
9302
9971
7241
8982
10137
1614
8517
1608
9840
1514
6207
4163
6841
3037
2115
10256
6089
3039
3586
2332
503
1068
8754
8722
360
1236
8095
4201
5063
1355
3826
6537
10064
6244
4287
2275
7209
2775
4109
7479
2522
3924
4072
1692
3329
9213
9504
9032
7342
5977
10238
4681
6995
6312
860
5505
1074
3142
5927
3207
944
7392
8851
7867
968
5819
7868
1990
7332
5784
2368
4097
8205
7232
1668
6613
8977
9529
8819
7242
1606
7563
6785
5760
989
3474
9787
1343
3678
9849
8577
1585
812
8613
8626
5287
6272
9139
9667
5672
3929
5138
3344
9670
5394
7554
485
5628
5205
5764
6610
3434
6666
7262
5336
2846
4593
9342
2373
3973
6315
1924
1529
599
663
8656
1000
4586
1120
2070
4094
4722
5328
6260
4134
2433
500
788
6176
443
8139
5005
3216
9563
157
8639
8747
7486
2352
4706
2112
4348
6571
7840
6030
2125
7256
10112
1187
10027
1655
1115
5557
5796
581
4116
5552
3483
838
5554
2084
4219
4498
8568
4740
2424
2003
7153
9344
3159
9542
2818
3196
5666
9453
9138
1141
5839
7706
7289
2655
2061
1050
6209
8565
10281
3933
10094
7983
2612
7716
3600
6219
6956
8569
8872
9373
8301
6434
8725
9378
3251
8919
9545
5992
8420
9431
1387
5083
3268
2140
7048
4034
7257
6828
6275
6589
4615
1658
7606
9697
7778
7015
61
2322
8252
7926
2869
4234
2951
8603
5517
8949
9719
1430
8354
3330
6940
9300
9578
2982
7699
1680
9140
502
4004
3641
6266
7980
9273
3315
4546
9829
160
2128
6051
4918
4076
4995
5206
3660
6022
5112
2920
9608
5337
8633
8388
5052
8469
7104
6895
1009
120
8177
3155
4397
8024
8892
7147
4578
2312
4857
8772
5290
8151
1401
6122
8414
7619
6732
1339
7025
2457
5446
8900
3044
9746
7103
2220
553
9676
7337
1440
3304
1171
6551
9864
4341
2067
4282
8365
6706
7162
3675
3382
4688
6478
6498
4070
4988
6238
6426
8662
1931
5046
6543
8537
4456
490
4506
10092
717
5622
5448
3031
6586
2800
1706
9437
6933
5477
564
4190
6034
5787
8130
8939
2565
7041
9143
4376
697
1649
402
9400
10138
5741
6976
6449
8521
7846
6234
9336
1087
3845
6811
6021
437
5797
4649
4811
769
7739
2270
9717
2927
702
362
6708
2261
9788
3866
5858
9975
1144
3021
7399
8378
533
5301
2900
6830
9261
6290
1805
3865
5853
9687
7740
3240
4624
8981
723
1178
6580
6049
6806
3439
5060
8647
6014
10017
5515
1939
619
7686
6150
6220
3884
2287
798
1894
8984
1442
1137
6364
4590
458
543
6083
5608
7636
8089
7258
3622
3623
6055
4259
3462
9192
4378
3821
764
2606
7607
2708
592
9087
3001
5597
5048
6098
9618
10037
5491
5319
179
4990
6545
5606
4290
1973
10009
5015
8847
5609
28
8743
1733
4991
2922
2365
9960
3166
8454
5912
2380
5988
4616
560
6546
2419
3802
288
988
1719
2891
1966
8790
8428
9280
4099
6358
1831
9732
936
1431
9254
2139
10052
5280
4881
2283
7421
9366
760
9145
965
8526
8036
7477
7799
1368
9926
6641
9063
7132
1600
8203
122
4176
10071
8724
10237
5317
1840
7565
3804
1505
5968
6547
3632
1977
8726
9632
10007
2910
1372
6612
1195
9278
5619
3982
1604
4213
1239
2305
6081
9106
7442
9440
8934
6555
3079
5953
6523
4793
7770
7270
526
7235
4906
7136
6409
2686
9875
5379
3168
2566
5811
3394
9516
608
8995
5369
2272
3606
5181
1261
4635
6862
721
4842
1121
9912
3232
4333
4677
2183
7912
9927
8103
3226
8143
793
2743
7984
2225
2976
8087
4748
7922
7694
6715
3797
7818
4863
5208
8970
6757
9365
5122
244
1011
5837
3472
563
5648
576
5025
1835
1783
3379
6833
6725
8733
2740
9356
3591
8553
9127
4674
10036
3935
9090
4447
6382
2755
7564
8457
7735
6000
2975
2375
5974
9569
340
9404
5474
7896
183
8432
3432
4106
419
8497
10236
1076
6293
2174
3399
1275
1166
2680
8342
5157
1538
6843
8789
2817
5728
472
883
8154
2790
3671
8207
1507
9851
8043
221
6499
2577
9007
5118
850
6588
8100
3140
7277
7472
2065
3731
10272
7379
2978
2919
9443
4267
736
5423
1348
3245
436
2709
4611
5351
8330
8476
2940
8258
4679
7118
1480
4381
5596
566
610
9599
4798
633
3513
6381
8684
933
96
1158
2945
4354
8273
9210
1240
4821
6793
9292
9716
2235
2986
2436
7985
3939
1180
7109
1828
4650
6709
6415
7192
248
10129
1787
5497
6866
7263
6091
511
2169
6149
3221
9646
7743
405
3556
8475
1836
5021
8238
4426
9779
3730
468
1920
9831
753
5519
4829
7510
6190
10231
4252
8287
1763
7474
8979
6794
5773
4605
8871
9893
4915
2050
3779
5873
8808
916
10022
3963
8304
2827
7322
2407
4232
7514
875
9094
4467
7390
3808
7145
1061
9447
7301
4994
5711
4738
6029
4465
9285
856
7684
3320
2339
2260
1455
3525
6512
1988
866
3111
3242
135
4281
8263
895
1345
4144
6096
10211
7003
3577
6810
259
7416
261
755
4565
2946
161
5652
6661
9761
7764
7857
8270
4073
8750
8762
8115
8544
4419
8885
5709
2826
1549
767
8579
2387
5387
8160
10065
1502
8290
3385
5264
1522
5862
9463
154
7696
8041
1395
6659
7589
9149
6313
9033
4367
8482
9338
1118
9339
867
5886
4743
8616
9039
2498
4644
5019
7513
7875
5238
384
2960
4400
4394
1405
5382
3843
1921
2041
5370
2129
8597
7994
6822
6179
5712
5995
9492
4477
1646
9961
1797
6115
668
5139
8206
7099
7467
3893
