327
4678
1329
7930
2263
3131
8266
2585
2348
6774
593
2061
5570
6034
4234
2490
2819
539
7144
1964
4400
119
8117
1567
1814
7376
364
7786
3712
6987
3464
10217
6020
6928
206
2881
4980
6315
5417
1769
6829
6256
7835
2921
5661
4693
8478
6228
3342
10029
6964
3093
6052
9365
8175
4888
3175
2571
4305
10131
9157
3826
8705
2261
8991
8152
6525
9010
7048
2282
4512
4170
954
714
8051
2607
231
8026
900
5095
3303
5447
3247
5503
8854
5644
737
6572
6492
9323
7718
2131
7958
7074
1870
8980
7792
434
5274
10242
7753
779
4421
2276
9083
1416
2078
1420
1654
8576
8431
8419
8388
5064
1966
3946
8586
10061
3455
7362
3273
9222
794
1076
8105
1438
6210
6943
4913
4269
4559
5189
7340
573
5251
3932
9104
2862
1940
5311
3431
7778
1898
4956
6185
3569
9688
4668
9802
6669
4358
8810
1099
6629
4853
2968
6026
9299
6345
4691
467
1922
3286
6596
1421
636
241
3262
8288
3463
1071
4265
8447
7249
1644
5442
6840
3123
5055
1153
7499
6194
3340
255
10235
5289
4729
6567
4089
6520
4607
8806
8663
3541
3984
8493
5588
1488
4224
8529
9382
3915
8006
2447
8168
4464
4395
5820
1657
8709
4656
4768
8230
5796
5902
4686
284
2795
2452
2438
1352
6352
8619
7494
4775
8245
3726
4924
9243
2831
2734
4696
5695
9301
8249
2220
6128
4362
1116
7508
5495
3223
3309
8633
5664
5636
6905
2005
8947
2026
8976
5150
4755
1184
8024
1140
3972
8526
7685
1463
9229
2463
760
5400
9510
9673
6169
6990
5975
3880
2439
6452
2114
8841
6189
2537
4299
9441
5361
1784
9457
3655
5739
7938
184
5703
656
9339
6641
750
8296
2446
3775
2111
770
2815
5518
7814
4414
5659
645
435
9845
7468
10101
8712
2645
4598
8345
6410
938
3402
2690
1681
6434
3370
4900
7965
2605
3681
2103
5287
5035
9155
8994
9330
9368
9324
10121
1853
10055
1046
3673
3841
2529
6163
3572
5982
2138
9075
99
4166
7347
6837
9518
4525
9512
624
8220
7380
6676
1563
3855
3735
410
1551
4822
7452
5771
2586
9193
1983
1166
7828
10264
1232
2836
9705
9857
1876
8917
239
8815
8626
6885
4565
5559
9511
2062
8061
4227
3619
2946
5359
4773
7459
2846
10229
7013
7736
9213
6557
10253
3417
6675
9654
6810
5149
3295
7984
6802
6857
2778
1574
242
1443
659
8305
3518
268
7076
6560
498
4370
7316
5019
2582
5320
6179
6602
8589
4297
9022
6187
9807
6762
4193
3567
3499
2670
9542
1483
7733
5460
4416
9269
5751
6075
9601
6346
1710
3573
3730
9552
9494
3868
9481
2476
2639
8923
463
2845
5163
6882
8590
9487
4634
10221
49
1714
8868
3372
314
4152
7715
10228
3319
8008
3638
6813
9715
5867
2885
1216
6156
903
9181
9377
7784
2608
3191
7473
7796
7748
8708
3409
7122
8743
2516
2783
3138
10092
8541
8777
1616
4194
8480
3713
7125
6364
505
4621
2964
2001
8911
1591
2296
5402
3330
554
6812
936
4585
2828
5367
3803
9610
10268
1368
5852
5168
7527
8261
3781
2712
572
4354
2687
6501
8068
2352
3469
3621
3675
9286
7741
3201
1252
5432
8556
6319
1958
10083
1498
6113
6748
4666
7227
6730
5430
4136
1055
1540
6058
4000
2978
7545
8580
2780
4926
384
4274
4786
6282
3244
6553
3114
9149
4095
6918
6213
4767
3391
3334
3304
197
7289
4998
6721
8828
344
9861
951
9569
8801
9363
9335
4576
9005
10194
4040
4093
8574
9951
9592
6201
1523
7442
7810
9247
3481
9761
8259
8879
4419
7419
5075
7162
8757
4125
7960
9819
8587
4404
1277
5435
5832
9916
2347
9849
8398
820
2049
8140
3651
6744
7555
1647
7181
6206
9856
9414
5485
3705
3266
8898
3100
7830
5889
5105
6224
8720
2035
9095
2135
2980
10072
9791
5273
5551
439
885
4631
1957
6677
3540
4742
4971
9398
7632
4625
7561
5827
34
8761
8226
1052
4477
2899
5510
546
4086
6435
329
8441
9943
1
5861
2919
307
2611
2092
3853
7696
6016
1624
2235
2620
5327
6825
9666
520
5978
4869
2630
8029
7922
1409
227
7482
4649
5282
8218
2043
7134
6060
3736
7681
3359
1330
3740
5996
6013
7407
112
4143
817
392
9897
2707
5663
8518
8196
8860
9683
9362
3163
8561
7824
9028
4491
356
2209
998
7604
5580
5232
6108
8162
2457
8543
7354
8629
6307
9444
4080
1954
6961
2894
7836
77
1778
3745
7131
2118
10197
6772
7927
980
1180
1804
7683
4849
5847
8676
6332
7118
8397
9936
3942
8682
1147
4381
3316
8702
9771
9707
9884
5920
9668
2788
3233
3033
10037
693
5405
2266
10059
3212
3173
1276
9833
5779
6507
9226
7286
4591
7752
3940
1842
3503
6383
4102
85
471
1504
10074
2409
6653
9225
9831
1772
2425
5892
2756
8381
5119
2158
8324
5617
8670
5038
1235
8231
3812
4644
7643
2363
1696
615
7327
1211
8784
6382
861
9931
5391
987
2292
5060
883
6069
8594
6592
7007
5682
4144
5876
8235
2334
5894
2102
7079
7521
10164
1356
6322
6796
4440
7776
2119
2280
532
3829
8308
256
5171
9533
721
7329
6348
4967
4424
2208
6627
7995
4130
10179
10085
3531
3613
795
5986
7532
684
1478
10241
9150
6044
7918
7731
7161
5489
1701
6391
2359
2229
8496
1963
8338
18
9614
5760
4990
6841
1571
642
5700
2853
3434
2711
888
4208
5603
1240
3321
5227
7862
3966
8146
1919
5007
550
4738
6257
1712
4542
9558
6783
2929
20
10215
6877
6458
8189
254
4909
2910
3134
947
7637
3974
6683
9240
8393
1558
842
5772
4050
9195
4111
4444
5169
7480
3326
8046
4633
6175
3755
4211
7211
4813
3982
3283
9571
9713
6767
5205
8188
10246
1914
2548
4025
9756
10254
3171
9714
508
1745
9836
10195
2566
10278
8004
3456
2676
6794
44
2430
7312
6051
7185
6595
9871
1651
3380
2394
1263
3615
8343
3237
2167
1733
9409
10250
10203
10026
9186
2177
9521
4818
5141
9093
9993
4179
8488
3609
7034
3793
7081
2753
592
6950
6173
7344
1489
7250
3519
7301
1023
3637
3343
5954
7818
1408
9599
8294
4579
2412
8131
7053
3205
9176
8040
4665
8013
6732
4584
8502
6714
2805
1106
6245
2054
5843
8101
1137
466
5873
4887
6620
8950
10051
3476
4509
446
8728
4456
2400
890
6388
4336
10065
10119
2258
9882
4031
6820
1487
458
5245
10132
8373
8319
4486
2948
8462
4186
6698
9701
9782
3856
0
1510
730
8472
7485
8742
4520
7895
7921
4302
4711
5932
2113
1730
5623
2518
4132
3307
4293
373
3903
5906
1998
9721
5538
1869
4099
6296
3460
7335
9103
7288
3809
3454
9319
8276
7210
5136
7603
4782
7490
2636
6072
2578
9789
5067
5747
4482
786
6059
753
7535
9298
9162
2692
3632
7819
2186
9475
7823
2272
9006
8899
5340
3419
850
349
7807
5445
746
3554
6643
88
1848
3906
160
1582
164
1995
8434
5468
2606
7180
3161
5605
983
6215
722
9853
6042
3164
1599
4957
744
9034
2749
5789
9799
7062
553
8954
3208
1918
1915
7330
2419
8510
8673
5822
3125
6444
1816
1199
6259
7190
2368
3480
6652
1381
6861
10211
2316
1871
6103
9824
336
4688
2527
6647
4968
5917
6960
4655
7026
6479
4934
7263
6278
1767
4195
7764
8795
8224
8924
1313
3558
2244
4966
7728
4343
1667
4524
190
5037
3152
8282
7147
8530
6811
5966
3147
3296
3308
5117
1268
6268
9478
8733
7811
5001
5491
5765
2286
1614
9295
1295
5561
253
9278
5933
5246
1089
9331
10136
2116
9321
8767
8079
9772
6461
7761
2484
6459
578
7214
1040
7687
8334
1501
3021
3538
9246
2965
6293
4320
5214
719
3214
7430
198
6787
374
10113
4904
5349
1054
443
6006
621
2197
7110
2860
6716
5109
3977
6638
3996
9954
2615
4817
2803
6702
2915
8613
5454
4596
6129
3936
258
9549
7553
1776
7044
9403
731
6027
6821
1486
7529
9447
10048
3349
8455
8652
7388
3849
6275
7790
1273
3111
1674
9175
1362
6286
7436
7524
7052
2237
371
418
3272
9669
8187
6866
975
1001
7701
3642
8362
1580
9318
2759
7078
9875
5811
7156
6903
4020
128
8569
8092
1365
42
226
3467
8804
2633
1991
3816
5336
8295
4177
1731
6372
5788
5777
10162
4403
3311
1096
7754
9252
5018
8558
3155
51
1431
6465
8844
2954
2658
4249
4399
911
8302
10094
9651
7813
5389
5960
4044
3236
5429
9116
1505
7806
8382
5192
9562
6791
9397
3509
8404
8546
4389
1053
7831
8316
4478
8312
10093
6934
3753
4961
10191
4642
2218
4432
5124
9765
2206
560
778
3603
2372
8600
718
1702
1141
6949
7391
5173
7491
421
7775
9503
9163
6400
4386
9808
4772
6218
7178
9065
858
7708
9678
2036
141
5911
2441
3562
6694
1178
2572
9885
9118
2507
10175
8274
3210
2143
4254
8927
3107
4618
1317
10171
1093
9033
1592
10154
2664
9061
2981
4929
1928
8012
859
4366
470
2098
9780
2007
1379
6816
1388
5146
2269
6117
3261
1513
6276
2858
2415
2410
1224
1946
6132
6955
3570
2440
7793
531
8791
2072
8207
2559
9384
5961
2758
437
6454
2327
7551
6777
8426
2747
5557
9445
7298
6571
294
9160
7639
1044
2763
8050
6236
9718
9924
7037
8658
8551
8360
4852
2479
6426
2629
4751
646
1806
1308
292
3887
6929
165
10152
3335
2669
1355
5848
5958
1586
5493
3003
710
3649
9373
4046
8799
10040
4229
2228
10213
5635
7029
1294
6782
3088
6181
5505
6190
9205
6518
9620
8205
4165
2769
6650
6537
4856
7173
1600
7246
133
8811
9658
723
4736
1459
4715
8822
8194
886
2563
2544
5587
1083
8651
5697
1820
7166
8805
6178
8915
1832
218
9722
1539
2852
2373
6851
2039
764
5627
2530
514
8283
6064
7844
7838
7621
8307
4984
7548
6680
9401
1547
7943
9342
6815
9944
2304
9388
6547
3813
4803
6014
6401
9082
1751
1278
2052
2576
5717
3734
7725
2137
8857
469
7030
9520
3528
5724
6879
1007
5297
9143
2285
2541
9642
379
9758
4543
5368
2621
7287
1962
6561
10034
3101
4081
6395
9086
3105
8597
7782
5866
7224
9960
9612
6706
2010
3928
9605
6558
1831
4586
9984
4113
1364
682
1439
7559
5737
4747
5008
9586
3284
2887
870
4338
518
1371
7417
8378
8940
3534
1760
8453
1800
7273
2925
3750
6270
3817
6432
122
1049
4200
541
5436
9088
4753
930
5385
2461
9144
1695
1189
1143
6922
8052
4479
7234
3789
10110
7785
5823
9496
3633
9886
9137
9317
9238
1079
5565
8396
54
4750
1222
5210
9000
6687
5238
74
1628
9998
963
10274
492
3885
3411
3664
3818
3139
3221
5000
4824
8807
7616
3559
4623
319
8181
4288
7447
942
2618
29
1601
8318
3491
4223
7635
9649
1139
6197
8021
4206
1926
2450
6872
5466
3811
9489
3028
7840
10255
9308
9859
4727
5776
3994
5456
8499
5575
3000
5116
1155
3128
9296
3941
7321
3810
6886
1561
3680
1568
2811
10285
9479
8897
6300
4352
4600
3555
2187
3195
8575
1201
6967
80
10262
2761
4622
4205
2436
3739
210
7439
522
1200
5188
916
5106
1511
7947
3405
785
5355
594
8511
5390
10187
6004
6065
8620
1862
8782
8838
6097
6870
4309
7457
10109
4027
4766
6932
4088
9055
4540
8906
2482
1460
5972
9830
6966
7891
8069
3271
8328
3135
9179
8200
4798
4035
3590
3126
9682
22
10054
8830
4797
2144
2164
4969
1114
6568
8437
5647
2201
655
6366
9810
6731
7522
5862
1043
9563
8910
5464
3363
8818
428
2598
5671
7112
6668
2855
5054
8402
6188
9493
5084
9738
8185
9839
274
7855
3622
4654
3997
157
381
3790
6440
1518
6939
6769
9101
5504
3381
5362
2458
1967
5403
5421
3861
1179
5255
734
8083
1706
7420
1912
7515
9732
9216
2596
10097
4695
2273
8642
1320
166
9975
8531
823
2883
9432
894
1544
8500
7580
8368
763
7385
3629
8020
358
5080
10011
3039
2640
9933
3701
2299
1125
6083
5142
2481
4741
10184
6019
7024
7607
6896
1450
7934
3667
6142
4294
9541
7999
5723
4261
908
994
8310
4217
6890
464
9939
8650
1467
9045
2617
3684
8494
7869
10281
8639
9577
1410
8695
3160
1524
9990
116
551
473
7931
6476
1481
8891
6133
640
7719
9069
2583
4263
8359
7204
7143
4178
180
5683
4083
7342
736
806
5705
8234
1377
893
887
6273
3969
7057
5833
5979
266
2449
4315
3429
6788
3006
1692
2656
6761
1608
6644
3525
3751
9532
675
4564
4989
6063
1836
8970
4118
5854
7008
5790
5411
9277
8808
3453
1573
9889
2580
4802
4078
7402
1844
129
3704
5302
6355
1490
103
4562
6915
8775
515
1453
3238
1578
545
2588
10108
9968
4201
3420
7082
9611
127
8158
7822
3397
8482
185
2721
3500
5690
3043
6993
1494
1682
2236
2242
9196
9892
4962
4084
9995
1613
872
5613
81
10050
5750
4832
1018
6971
1687
4563
5879
9171
4429
10038
6646
1873
9843
6028
2077
1743
6745
8306
3995
322
5310
6436
2455
229
9974
5469
9474
10120
5145
8427
4361
4304
9855
2178
8641
3246
4286
9392
96
8232
5828
4497
4592
4212
8201
7734
1942
3166
2569
7373
7405
3137
2375
3465
2215
957
3408
9406
5900
10240
9852
6566
2810
4070
3711
3206
6515
3553
3815
4060
7167
1759
1698
4764
7816
1230
8007
2442
10114
6409
547
2856
9803
9019
5373
8893
4465
1109
7939
1768
5376
1584
1323
9183
1796
1749
4835
5713
2865
6168
4272
6852
3957
3066
7647
5618
8459
9921
360
8087
5123
8093
968
6534
7294
2619
1118
2830
8463
9700
6992
7394
9645
6250
6713
212
676
10163
2199
2906
8781
831
2540
9417
9114
1761
1707
6101
2779
3367
10207
7174
175
5388
8097
2314
8223
8690
10261
1237
4185
4171
2509
2869
8988
7600
4737
7659
9759
5211
1458
2097
8861
5963
768
4446
4062
7552
3407
7933
5004
7769
9910
6235
8379
7871
9623
5702
2230
6909
2401
7200
739
4710
1603
1244
4363
5333
8210
7677
7765
8355
4819
3468
8943
4097
9372
6002
6249
6467
4752
1363
4385
214
7763
2594
2643
3776
183
275
3493
5994
2234
2211
6272
2294
3670
2688
1068
496
2699
3426
8779
7296
6908
2386
3159
4948
8228
4992
809
9270
2019
2694
451
9215
10080
9763
4964
2020
2521
6793
5621
1384
9638
1495
8983
3120
3057
6965
1299
4467
9583
2949
1444
412
9879
9039
5270
3444
2706
9750
7099
8089
3894
1974
5937
2558
3047
7022
2140
2353
3065
3720
6237
8894
7368
634
1361
4150
8298
6119
2962
3737
7982
1318
8855
9361
5666
796
8439
5499
9972
3332
10089
1775
8635
8248
2307
8157
3112
6538
8608
3631
4487
873
10196
9334
5716
9814
5581
7837
56
2104
441
3929
8498
5860
2850
9092
1720
9637
4041
7693
1031
8387
9433
9012
6330
9100
2360
2505
3839
89
7083
9909
2021
2901
316
1861
109
7087
1531
6873
3496
9917
5786
7980
4760
3926
1822
5222
6897
8250
993
8550
3379
6809
6959
9051
4704
1011
5872
8974
4879
1032
8460
2013
9795
2602
2683
420
5684
4974
6413
689
5875
5754
1852
10015
1855
9023
506
5652
9168
8126
9560
3707
3077
2378
1839
4480
7416
2647
6251
1484
1067
8987
8253
5235
3703
4126
5971
6139
2454
662
783
3892
4778
5206
5041
6421
388
7036
5845
10244
6107
8776
6843
4987
8436
2426
481
627
8192
5952
7509
1466
7679
3442
1130
6826
8735
4963
8999
5685
899
7633
3051
9757
6405
38
1821
7912
1965
3605
3129
8102
6957
5006
2271
9260
5748
7533
6269
1726
10231
4988
383
8208
7737
9122
5063
2678
7750
835
8258
2041
9003
490
4831
4276
821
493
8630
5299
3158
5444
2080
6011
948
9480
7225
1527
10032
2339
5074
7729
1266
9594
1502
2653
4833
3109
4382
7139
4100
8997
8553
3777
6795
8640
149
5056
4588
2404
1559
2088
3998
6321
486
8866
5369
521
33
3495
5928
1149
6617
4174
8660
4641
3269
8420
2777
7897
4473
3939
3865
9435
9097
7556
2254
1990
8528
4134
6991
2332
5463
10056
3258
4703
9200
8504
5033
5819
2488
4235
9653
7507
9656
8786
5179
8963
3608
82
5216
1246
7054
7177
1703
8072
7023
5749
5319
5554
7265
8392
4203
8135
4328
1017
416
6727
2745
5502
4204
60
7471
1059
6994
2702
5612
9573
1404
8413
1485
7311
350
1135
9515
8070
4500
5029
6509
5946
3058
8890
1910
2089
3301
6090
2504
10157
8685
5372
5637
6398
1470
86
230
9048
1341
348
5107
4674
8895
5433
3014
2040
7571
3240
4916
3430
9345
8568
5968
8549
2868
8557
7487
9079
712
6521
7907
7097
3413
7135
6023
5654
7412
6422
3844
1436
9896
8992
6092
1868
3048
756
438
234
9977
9254
952
7825
1829
7771
8905
35
10283
9618
5306
8836
4321
4694
1921
6195
2775
4787
5125
7909
145
8475
8143
3055
6565
2806
9997
5976
7292
754
5342
9978
3475
7920
8405
5806
597
7950
5414
7496
2361
4954
596
6166
6337
3634
7324
2260
9472
5784
4184
1818
4582
5646
6356
6976
5891
238
3672
687
5577
4045
3180
2393
1048
6331
5378
3640
5398
6723
7910
6752
5049
6244
5878
9576
4103
6937
476
8350
3662
9644
4781
7264
1316
4483
5558
5213
5849
2502
5922
598
3504
7815
5197
2890
5768
3693
8826
147
5045
5719
7541
9066
2224
3760
1803
7489
9969
9139
9547
1291
6071
2362
5792
2912
2422
4463
941
8409
6751
2173
78
3796
407
9869
406
5005
9455
9724
6287
7740
3653
8700
4774
5219
1429
4159
5600
4553
3154
5939
7261
83
6112
3235
6546
8756
6697
6242
3725
2614
5419
5498
732
4915
9202
9585
7248
6285
9450
8474
48
7137
8934
1337
6754
8033
7957
4602
5129
8634
5484
536
3766
8065
1015
7239
3297
5888
8611
2731
5027
9866
1123
7530
9021
6806
7805
1891
5247
3029
4300
1000
6655
4147
3249
9809
2612
9764
9703
2726
4057
766
4406
6297
4191
2880
9121
4009
4190
6361
430
1723
5315
6726
8809
5944
3599
8221
8010
162
3418
525
1633
3594
7675
2866
9112
1792
8095
5058
6755
9281
10276
5379
9085
425
4055
4978
945
8401
3840
2341
2802
2824
5519
4109
163
559
9641
5157
1380
3217
10218
9640
10159
7403
9346
7189
4015
5332
10188
9584
8646
4557
5298
7290
10025
2660
5408
4846
1649
7476
8564
9667
4587
6619
6125
9842
7206
9466
2893
882
7317
10099
7359
9378
8122
2552
2354
2085
5934
3560
148
694
8111
6969
2451
2797
1971
2090
346
2945
7232
4460
5375
1146
8717
9568
1528
250
7371
845
4650
5905
9333
4521
2227
2207
4690
6460
5529
6750
9383
2256
7093
3533
5269
5243
3882
7511
4986
1525
2714
1802
8713
2822
9040
9211
46
5653
2782
2781
4947
748
7444
7155
187
8332
9600
4709
4493
6543
9828
2190
7255
1172
6425
3916
9622
138
4745
1301
7384
361
1407
898
7192
2847
5857
7867
3441
1283
8449
4534
3046
9840
1594
3922
4341
9303
9283
9025
9893
4160
7381
9089
4513
1112
3580
9684
10204
1090
7767
9442
4251
8825
5190
1479
130
2034
9307
8848
2099
7367
2246
8764
6261
9793
8289
8724
5728
2318
3636
4938
9164
5815
3119
2624
1084
1993
2123
5962
7094
5193
9486
7428
3881
4017
7894
9002
7622
4708
5071
8464
8962
2185
4216
8506
1412
6871
1663
342
2918
2174
7572
8732
4043
8710
7271
5943
3144
10019
7592
5174
679
8969
708
3588
3084
1641
4793
6779
3520
576
93
2330
901
179
5242
2070
1303
3514
1430
8734
3830
9785
2514
3824
1348
7686
3699
5919
8827
801
962
683
4485
7175
7777
6114
3807
8119
9679
10031
4232
8042
6696
7842
7188
5240
8691
1154
542
4230
1968
1635
7115
9617
4411
8418
2741
8269
1830
7058
8134
5955
761
4246
834
5338
1383
7293
1882
4292
7108
8303
3423
2176
9920
1997
9906
7119
8370
5826
2825
4141
6289
4279
2722
6850
856
5727
7326
9822
43
4151
8932
6657
907
6968
7418
7011
3628
4298
5914
3743
1875
8452
9815
10239
2462
6725
8458
9661
9767
5012
10252
937
7948
2708
2432
8081
904
4734
674
5707
2382
8512
3578
5783
5980
10147
6234
7596
9172
5995
1094
8408
4754
2657
401
6574
1394
2243
4746
8584
9734
7562
8596
1661
4722
6552
8067
3592
4748
2192
4669
2130
6184
7904
2444
2056
3494
1885
8170
8301
566
1789
4266
780
2533
1925
3564
4758
3722
9696
3060
1606
5218
9779
9272
1360
5673
8813
3899
3385
6029
3400
5532
1499
793
4236
2785
9937
1801
4874
1333
3228
9742
199
9823
5804
966
1880
7544
2289
9427
10234
822
5507
4637
5196
8739
3267
7244
5239
2859
3872
8326
8916
2357
1742
332
6570
7877
1903
7971
1589
7851
716
3733
6217
7773
333
7186
9887
10263
7377
9567
169
7946
9385
135
2091
3577
3914
4743
1713
4221
6032
4387
5487
5031
6747
2732
4676
9872
3515
4417
6504
7919
7090
10279
8313
7563
1057
6671
2967
939
7481
1129
6035
9437
3462
2842
7193
2012
2087
7208
4468
8765
4145
8037
7128
5081
9198
1220
6972
280
4845
3742
8902
1030
7364
1435
2724
5070
3253
2487
9174
2908
9232
5855
4902
2156
9956
3801
6979
7962
5648
2892
1185
3070
606
6392
7880
6012
4776
1579
2938
4334
3686
5281
9327
7890
6541
7727
7422
2654
3950
5267
650
1809
9275
6743
8028
4312
2975
7235
8751
9602
7672
201
7253
8572
5568
7240
3827
7005
2435
8281
9359
4228
2940
2478
8075
8588
4698
5108
8410
454
324
2857
4816
3054
5755
9197
9565
7576
4657
5280
8699
6749
557
9597
330
4891
7900
442
7105
2532
4470
5412
9352
4210
1203
2437
3487
8821
5651
9748
4492
5734
1476
4876
9072
6131
7025
8251
1229
8339
2985
4106
2295
5394
7597
9396
4437
2917
8694
7098
6260
2473
7789
6062
6202
8912
3497
2161
8047
249
396
669
7747
4461
5836
2597
1538
653
6411
8114
5295
3061
8470
4951
7717
2053
10035
9390
6258
6135
8921
3784
8377
751
8738
6336
805
3452
1343
4941
8849
9107
6230
8391
2066
1838
9
9783
2058
3898
8662
1164
8244
8922
1794
4124
2723
10071
8737
7514
8032
4434
6291
1328
5908
1026
3542
3782
4454
4547
1182
474
5941
4854
2549
4167
5913
1610
7406
3978
1034
1078
6094
3869
510
10126
10266
6544
535
3591
9430
10168
6151
382
6227
2241
4225
8968
2519
6104
5339
3779
3448
8229
295
8165
1890
2801
6448
95
6040
4549
9145
3747
1105
5077
9052
6771
10161
4401
5813
9344
9949
877
8621
8986
448
2652
7303
6086
5134
7525
10047
6343
5720
9646
5321
9250
10087
9087
4313
53
2750
5229
5483
2814
6111
8796
5987
1506
8015
8686
3945
4940
6211
3875
2955
3428
3353
3113
9288
7602
9297
6906
3224
8142
5172
8729
6539
6010
847
62
3543
1411
4898
1359
3697
2180
6039
3937
3656
6545
8128
5718
8719
7308
7878
3510
4010
5721
3042
1457
5614
2017
735
3038
6911
3792
5715
6100
5948
1061
2134
7199
9719
7103
3709
8055
9497
6649
2396
3001
7395
8243
5026
136
7779
5942
4594
4501
5494
1300
9484
9686
3483
1177
8129
391
2127
3177
3282
4052
884
6252
3682
104
4572
3198
7361
5428
6831
7410
9702
6834
8956
8340
6402
9218
4716
5407
944
622
315
124
7705
2132
261
4917
8057
9077
3990
10111
600
1298
424
3568
8678
8044
5009
150
5708
1763
9394
5272
5799
5318
3325
4699
4667
4825
6665
8273
8901
4554
8913
1689
5552
216
3521
9953
10257
2568
3009
3167
7322
1491
5525
1982
1849
291
3566
6186
5787
9191
1798
444
7348
2014
4064
8746
3908
5935
2082
9556
5087
4885
6640
3551
9152
9058
4761
6667
5988
5330
6775
1345
2854
1878
5667
6477
2733
5118
482
1310
5365
9291
6015
3691
1176
243
10251
3361
4996
1191
1376
7581
8881
8604
7282
9391
4800
7004
2872
1860
6801
3263
3890
4821
9516
3618
2693
697
6362
6924
924
5443
7070
558
2672
4350
10104
65
2934
864
7333
6737
3225
5887
2999
1477
8942
7613
4606
2385
487
8908
5279
4378
267
7923
8563
3949
5791
8407
6283
6739
5977
1280
9369
3415
648
5650
1722
5492
2181
8375
9452
5496
8315
5102
10143
2109
2642
3752
7275
7059
2963
1332
4426
7472
1887
1542
9233
7163
3616
10018
3529
2935
6495
9476
7027
2770
3660
76
8785
5453
4868
5604
2203
3901
352
7393
5262
3437
9672
5065
1858
10090
8036
5658
3516
4449
1033
6067
4533
8171
4155
8648
2922
9695
8074
9513
2743
4218
1373
6654
5098
2414
7620
6177
1565
300
3022
6317
1009
1160
121
4365
251
10013
5742
4033
7739
1195
9561
6707
4558
4452
10145
769
5337
4156
370
1773
5676
5871
389
4610
800
9740
3045
5781
6838
5597
272
9636
8918
9499
7216
7295
257
2816
8692
784
7433
4058
3124
2491
3169
4705
5930
1533
4638
5422
1797
2162
9881
4883
9004
956
4013
5547
312
6912
2841
5710
6756
7726
7077
988
8555
4771
4991
6456
2232
7451
7519
5508
3539
9212
1877
7712
10044
4851
2106
8579
9231
9846
7565
4197
2101
8714
5090
8483
3848
9477
2028
8623
423
6038
7993
2990
1425
6858
7756
7299
413
5410
6341
4008
7153
204
97
7051
7483
958
1426
5884
7630
1269
8867
5762
628
7445
511
7641
4489
5182
9393
1864
3919
8698
1051
10096
641
3347
1471
6414
2577
9841
8321
7817
1456
8771
6512
5024
824
8666
9902
9245
3231
4860
4756
5814
4481
4380
4740
713
4339
6043
2913
3341
10247
3337
6978
6424
5406
6701
5839
5993
1131
4329
978
10146
7089
9364
2128
6110
6241
3278
8794
115
5217
9446
2170
6418
9930
2786
2808
6171
8859
9850
9698
922
6551
8829
6126
1391
1652
7981
220
1482
4608
10041
8394
304
698
2324
5630
7666
6446
5409
9314
5370
3072
6705
5840
9941
5886
913
654
5260
4546
2888
4680
10112
1255
6394
9987
4029
5399
8688
7028
1867
7506
1699
6311
106
177
832
6613
6700
1596
2325
9032
4530
362
1886
7629
8753
1623
6053
1419
8400
4503
3862
3358
3607
2195
6240
1087
4453
7849
4892
6471
10107
7924
5835
2972
9825
7231
6523
880
9350
5303
8577
5147
9745
7826
7994
9360
4864
6778
6138
5461
5596
13
3960
8091
1620
7400
6615
6323
1977
807
1405
10180
6868
2340
4959
8237
5263
7808
3843
2328
5343
477
1907
999
1358
5350
2725
5233
6277
2465
2448
6219
9047
4154
9564
8317
6614
5096
6609
7625
7060
1213
11
2579
625
2939
632
591
618
2631
2496
5380
7674
4939
9106
10232
259
5427
5526
2927
814
5420
4268
7986
2995
6963
3757
1679
5945
2268
1810
4658
6768
8570
288
8486
9287
3767
6916
5953
3601
2739
8214
2623
3991
1911
2840
4838
2738
6481
4925
4573
7073
8141
320
8654
4841
6582
2698
6502
1841
3808
9778
4785
3451
2599
7936
2960
12
9067
6226
3685
6363
4578
9979
7799
2535
1572
5110
7929
5383
2813
8768
9625
5837
277
8783
3727
1098
9674
7626
3410
4889
7772
2556
9462
6212
4923
1556
10270
1590
10284
5475
2622
5701
8268
8264
1251
7634
1292
781
1163
447
7126
7889
5002
9251
1035
7802
8077
8509
7702
3780
3320
5204
6136
8156
7462
7875
174
7408
6127
7068
7350
1060
4001
2567
2124
10067
7202
1142
7560
1744
7448
4496
4516
3083
8671
5757
4639
4517
7617
5290
2839
3396
8112
10186
8113
4153
9878
10140
4331
2575
6842
450
8100
5679
2291
8519
7657
2562
5513
8752
3142
9776
5431
5825
3401
4372
1664
4034
8573
1678
9983
1948
9557
5865
8153
6326
7579
10277
8773
2086
7398
7969
6784
1627
749
6431
5897
1857
7636
2424
1938
3024
28
2466
3935
8878
1979
6710
6664
5586
8871
4901
7478
2591
6542
363
6524
4946
2084
9219
9084
5564
5758
4169
1378
2003
7141
3585
981
5183
10237
4659
5965
6845
5743
16
3611
4271
7032
1562
8278
6633
5013
10012
6519
2570
6986
8721
1673
5512
1737
158
2383
4519
2992
1747
1823
10009
1056
1395
4837
270
4527
774
2329
7107
9827
8421
1075
2147
4718
4142
9514
1138
4393
5021
8680
1392
8858
8009
8311
704
5185
8834
8430
6433
5574
7987
6160
4164
9626
6485
3172
326
3695
8257
7432
3280
3883
3209
2485
3351
1290
1843
3116
2252
7656
6225
1367
7426
1845
8287
3279
4944
8
1447
2278
9411
7212
7124
8161
8212
8347
3393
7002
863
9354
5712
9946
6722
414
377
5864
7341
7086
6265
4609
1656
4285
4149
6140
9159
102
4593
4629
1900
7195
9768
2081
7150
1321
8501
5036
10066
2574
909
7873
4306
1883
2428
8001
4702
6996
9015
2470
5423
9774
9681
6121
706
709
3820
9616
8063
8657
7569
10082
9525
1014
6419
4671
8255
5821
9529
4645
7437
9918
7117
2760
5951
6936
3708
5615
2153
1785
8741
37
7056
2193
1006
9671
4895
3910
8904
4413
2006
335
5042
9912
8750
5809
4789
5384
8831
318
6130
7000
4950
1605
1691
7331
4730
9220
9404
3450
7443
8204
472
7164
1072
6684
9302
3200
3322
8076
3731
5816
7595
3976
4318
1944
8566
3604
1497
6555
3185
8260
6526
6734
415
6983
8665
6494
3850
7709
5628
7606
2997
5048
8909
1239
3194
6082
3005
3546
6900
6150
5223
5714
2930
7688
4340
639
2895
5091
7774
3834
3387
7358
2952
729
3561
3878
110
1016
5178
8443
3800
9468
3293
8166
4158
244
1735
9328
9985
1833
7318
3690
5180
705
4405
8372
4049
8267
507
426
8961
5924
1670
5397
3748
4912
1808
1369
5155
3145
7751
10275
8330
2610
5989
8649
6137
8931
5802
8191
8476
840
2550
7887
8133
2600
1895
4114
5215
7357
6182
10134
7682
225
6869
7953
8291
7857
5170
8515
5283
8960
433
3186
10238
2157
8297
219
5446
788
4952
6781
647
10130
9627
7716
9203
6895
7146
9059
5681
9041
3507
6800
3979
9876
409
3658
3403
6581
5918
3050
9234
8925
5709
959
3598
3961
2616
946
2902
4875
10138
1621
6847
5191
529
317
3763
5348
9581
2867
7438
8919
2068
5542
4237
9387
2384
6804
9230
6623
7883
1047
10245
8159
4850
2941
1847
5476
9428
9443
1757
1631
6569
9008
3315
6962
5896
970
90
3073
7467
3013
8885
2748
3425
3275
3364
5121
580
1128
6141
3085
6105
8514
2685
4308
2686
8701
7120
5629
3127
6693
5043
8366
9914
10100
6493
2107
2976
5323
519
7219
4173
6663
2900
9743
10086
7612
605
26
3669
281
9180
1777
4651
140
2216
7461
6266
2474
1270
8520
3352
8507
9110
9415
1931
6457
8468
2950
4077
2513
9096
8038
7598
6200
5404
3439
3245
8882
5052
896
178
2293
1465
3547
9348
4545
440
8090
9425
2695
8300
5371
2074
4937
7045
7850
1324
8672
8772
7047
3975
2198
8219
2356
3389
9725
6468
4660
8769
2213
5220
5970
9273
797
3366
8454
3512
4
6587
7304
2789
7266
7319
3031
4353
3489
2554
5226
1339
5640
1389
3671
9024
2434
10004
9185
8323
9988
9898
1503
7680
215
5363
1012
607
5451
4450
2730
4717
1588
738
7610
8978
10223
8045
9650
2889
7944
5579
4927
9962
5497
4728
2259
5563
5829
7259
3920
3037
2818
4407
7349
665
4808
3490
6578
6952
9315
5909
3285
1193
918
3306
7356
5143
4214
2909
5838
7450
1148
6599
7583
7510
6530
7222
9451
9177
3422
1284
971
9624
5128
915
8888
9138
10058
2709
9135
7223
5478
853
1815
5103
7945
3404
6533
168
6901
9357
6709
7383
8031
9865
614
8527
5085
1245
4840
2133
4614
1417
7310
4146
2991
2075
8127
8837
2270
287
4871
8800
6001
5641
8856
5228
6369
8180
8780
10007
5347
8758
986
9374
9693
7714
9677
8080
6630
2468
7539
1902
8817
4721
4332
8390
170
3204
7446
4807
8537
3094
6238
6381
9184
9787
8041
3773
9248
6933
1019
6855
7409
2766
5236
5818
4123
7283
4723
2920
10205
3230
6204
9454
7434
7997
8179
8058
7415
3517
6264
5099
7546
3255
5883
8132
4448
7247
3851
6977
6199
422
478
8748
9188
10102
7627
2903
1655
934
1637
6445
4310
8903
9268
3392
9465
6301
6443
1799
2668
9453
4652
2397
2691
10124
8272
6024
6170
7567
540
8164
4198
5050
10117
8433
1659
3179
10208
7998
1340
5069
6329
2477
5112
6785
6914
5073
8937
7435
7554
8884
9976
1260
4812
9575
813
5543
9262
3092
8304
8704
23
3344
7843
9720
6338
5639
9963
167
63
2323
7039
31
6080
3738
2829
854
6563
9113
2755
1050
10115
9699
9236
7229
1786
9134
9901
1824
453
9071
575
8327
5392
3053
2752
9001
3837
8195
6513
7080
3583
1161
5535
3356
5805
2659
1296
8019
960
500
3108
1432
9727
8337
6172
6942
4529
8716
3911
3905
6628
10144
8727
9044
4428
1969
2188
7710
7346
222
8059
1790
6591
1748
2700
9816
5761
8990
9426
7241
6792
4518
2834
6427
4942
3190
1415
4359
9483
4065
57
4626
678
8567
5393
6508
6050
977
1455
1630
5997
2503
6639
8939
7513
7314
2122
10177
8357
7898
9528
3729
4928
2520
7587
638
7803
4643
7956
2194
3917
5017
6118
5688
1162
6271
7590
2907
4792
4408
5514
9989
1932
8797
3581
8763
9027
188
4522
6832
3071
8598
1041
5607
2331
5803
816
3754
733
9891
5576
2928
4544
765
3785
1275
5438
2697
5317
1546
2030
3787
10118
867
2551
4348
7549
7495
7501
8450
341
7749
10081
1758
1111
6577
6009
4511
4337
3836
6670
5457
4881
2083
4335
245
1194
6386
4219
5132
5160
9537
6799
4018
4115
4012
5259
461
9996
3063
4569
9905
5752
3027
8789
208
8638
3207
6790
868
1326
3390
240
782
1242
1826
9380
3374
8559
6579
9877
601
1597
6938
3412
3141
5345
1042
154
5515
8367
5624
2172
1923
4700
1464
3150
3652
4759
4402
7951
4053
1003
1385
762
4324
6923
9880
10043
8565
5341
5044
4284
1960
7061
6618
8414
7441
5509
5039
6904
4970
4488
8628
4442
4074
9504
3075
5137
310
1187
8615
3234
7906
1937
9687
8842
6757
1685
4906
4273
4135
6375
9306
4506
3854
6408
743
5634
1980
10181
852
8593
5936
4499
2139
7732
182
4769
3873
4735
4360
9386
1951
263
2508
707
1543
4122
1688
8027
4945
5292
10153
6828
8936
6601
4295
5291
3025
3211
871
4981
9009
6505
9469
588
9057
4508
6442
7528
792
1665
9178
9078
3689
8335
25
4933
4466
5186
10127
2063
7065
9907
9056
3719
2595
5753
1642
8981
5335
369
2517
32
10230
4303
1092
3149
4538
3557
6607
931
9267
4226
4391
7075
3597
321
6263
2165
5584
4011
8099
4636
811
2677
6084
189
4724
3943
8544
879
6954
6689
5159
9603
298
10198
6359
4256
2767
7363
6573
6000
8216
6738
7280
7360
5135
9733
757
4231
6999
3857
5540
8145
8664
2644
1327
1629
2703
3310
9847
4133
4199
2160
9490
1553
3537
5853
6247
4624
652
3355
8415
891
8760
4757
7503
4430
4346
8279
9784
7881
6320
8448
4374
2302
3788
365
2923
4577
8722
8835
6191
6724
8380
2936
6973
2022
5516
2312
8693
8277
7300
7915
9751
1936
7812
1866
4317
8073
3951
8873
98
1022
1828
5202
7502
8625
1819
10010
3774
9063
3445
2525
7829
2245
5999
7345
1987
3265
3765
3772
7505
6836
9408
810
1027
9141
4457
6549
7914
142
1899
1344
4209
912
4953
4090
6998
2807
1414
5046
4238
8711
4575
5130
6887
1423
9355
5593
6073
6740
5578
6498
8747
10042
5534
10282
7307
4861
5741
5304
4047
2531
6921
4351
5237
8552
3375
228
4241
6176
7703
6927
3586
9500
6149
468
1279
7762
1013
79
1564
3260
3626
2313
7932
9522
5729
5756
7651
4180
7411
7670
8149
8403
2279
2309
8473
7801
4345
6958
21
6155
1783
3274
5831
3313
9070
1475
8489
9294
6005
7454
4376
2848
7820
4412
9036
2051
9376
953
1403
1548
8384
6099
146
4714
4379
3971
2851
5859
3115
3098
7864
6098
7251
5797
1650
9519
7557
4896
5450
1555
9042
7976
2973
10033
9821
9582
6008
8862
1972
1065
2255
2666
3007
6733
5083
7973
3548
10174
7270
10098
9915
1424
3036
7746
7338
8816
8206
2095
3617
6316
3097
3182
6473
3786
15
3474
6807
5473
725
5844
3136
4290
4056
1249
1917
6844
2300
10122
8914
6863
8429
2376
9545
9338
6305
3153
8424
6611
6919
3833
7343
73
6798
6453
1133
1625
3876
4865
7209
8440
8643
7170
2553
7966
6884
4844
8883
3565
1181
2064
8609
6605
9926
1250
7961
3761
8920
7704
9459
296
881
36
4921
4019
3874
9709
8958
4919
5288
7046
8022
7970
7017
9167
283
10128
6145
7689
7713
1440
4042
5154
4809
2874
9735
4828
3953
2301
2226
534
9526
3183
9407
4032
7665
6380
6531
2189
4289
4672
8959
3074
4455
680
6358
1746
4161
660
7743
8320
7690
7387
3870
9326
7088
9598
8383
7654
2971
8669
8155
9201
2358
5649
353
5967
6497
3277
8975
4796
4784
2974
3239
1206
8534
815
6074
7578
3947
5901
5764
1941
943
143
897
3382
7854
9980
159
9017
7979
200
2472
1892
7257
1234
176
5276
2342
1953
5161
8169
6718
571
1764
3103
8865
8445
4398
9570
6076
8606
1188
4469
7238
1996
5441
3955
8186
8344
2398
4739
8456
10
2015
7865
7197
5467
8730
6516
7832
5057
5396
860
2584
4574
3927
6033
1827
8973
1257
6482
9737
6339
5094
4357
1274
3918
6488
6325
789
5488
8417
9981
758
7989
8618
5224
7540
4325
1081
4726
6351
7949
1668
8356
2238
7064
6770
3663
6575
8236
1988
6946
6984
8523
30
3967
3220
2662
3090
3291
1609
1253
7866
8964
1554
9826
3421
2250
2367
3948
10220
1267
9804
4615
1225
5921
1073
720
6370
3552
8299
3858
7243
4063
9729
1947
5301
9957
5785
574
6216
9580
8286
1157
838
4605
351
9838
3545
6055
3026
2809
8030
1550
7797
9060
3647
2979
5440
6621
5675
2274
4897
9820
1256
8602
1981
3187
7424
10219
1569
6417
7901
9320
5115
2306
10133
1238
5212
1351
8503
2205
6590
9109
6823
193
7893
7768
2512
4706
2560
8363
6780
3511
6483
9536
459
5329
2094
1598
4157
3859
1734
4181
4806
3035
8349
9192
8130
2966
2459
2561
3414
1473
4475
9353
5114
2844
2799
1724
6198
1927
6146
8177
7834
278
3993
8656
940
5638
8376
9619
1939
5326
7382
6685
1741
3203
798
6672
3797
6367
3714
3216
2392
2674
2665
5550
9492
10190
4514
9038
7475
2079
10156
10233
9460
1272
5670
9590
6564
302
8631
1978
7252
2719
7691
5863
6720
2601
436
10192
7758
6849
6496
9190
10155
3368
6589
494
7504
488
6499
843
7879
7217
4323
6776
1039
7584
10259
211
9798
1334
9153
7903
9634
3835
4494
9242
4834
1151
8491
3130
2120
5904
5061
2772
1156
340
2380
555
2835
2416
1247
9728
6532
1617
10256
9413
8824
5294
6183
9147
3019
6688
4243
8107
5657
635
6593
6144
9123
