572
8564
4357
2439
4830
9739
9330
742
7077
4237
4483
1115
4674
4482
10164
6411
8218
8106
8761
5617
6142
9989
9140
8313
3627
5141
3038
2130
7193
9430
8950
9287
7657
7916
3479
5181
2438
3557
6938
10085
4453
6419
6487
5174
6594
4613
6643
799
2050
788
4840
353
2296
6519
7762
6770
2652
8431
8681
3275
10217
2267
6999
9111
3685
9663
8524
7020
1561
10142
7202
8213
10276
6848
4781
4586
3273
783
5917
5228
6375
6656
9115
5559
1005
3393
8201
4367
6412
6021
5935
7088
565
9849
2118
4829
8735
10059
5929
328
761
2495
8595
8429
912
4324
2264
1923
7865
4610
376
7013
2231
8412
9278
6826
9518
9716
3659
8549
936
6846
7164
8865
2829
4765
4608
1002
5858
8719
8822
3877
8972
8339
5238
8092
1347
9504
8253
6850
1392
6703
1880
8697
6304
771
2939
5572
9837
4405
6655
9817
9458
1848
84
2218
7738
221
9648
3208
7413
2642
2162
314
7599
7471
707
6812
1355
324
8695
2087
907
1825
7934
1608
2527
8406
8369
3264
6020
9191
9252
4027
1932
4615
2261
7044
4540
7189
8151
5962
2587
8362
7834
7195
1398
487
3120
9238
4949
2142
2248
7961
6861
6008
9674
2945
9875
8192
9226
6726
978
10277
3555
4159
5274
7956
6923
2271
7644
6729
9488
5206
9360
2960
9844
6564
2989
9329
2097
8121
4861
4897
2031
8215
6392
5010
3728
3412
5095
6962
8571
1578
1175
2441
4832
10239
6543
3359
8879
3203
4335
6697
5599
9853
4761
5492
8637
2292
2881
4460
4659
652
9605
2871
7339
5613
7678
2025
5136
9956
876
8120
1511
8818
8614
2407
6351
8068
3429
5892
195
2067
5542
1959
3961
6989
2234
4129
3238
9555
7716
5797
7829
3888
3042
1195
1947
369
9394
9992
6047
5884
5304
1394
8461
1078
3257
4509
3779
8823
4609
7226
4906
3574
264
7823
2521
4536
8658
1251
490
1691
4936
5309
2627
3813
3545
3144
10157
2579
2269
8805
1399
4083
393
9656
5384
4708
5952
507
994
4862
6839
8624
4207
8032
4197
9280
8737
9291
3564
8474
4864
2414
2266
334
2099
8169
964
10117
5828
7531
5316
3613
4073
8545
6635
1345
3016
5650
4640
1180
4666
4883
1660
6992
4322
7667
5478
6900
4729
248
4051
1830
9738
2466
8346
4766
3799
5578
4720
5980
7645
10060
4961
4700
6094
4191
6131
1082
7324
10173
5313
9333
6980
2805
3250
7442
1478
2601
1007
4865
7765
10176
8027
3080
7441
512
8638
2962
622
9049
6945
2904
4096
5407
2508
5436
522
10020
7932
9578
1939
9129
5568
9994
10075
8935
6907
9315
169
9795
6161
1856
9721
6684
4254
9343
3516
551
9210
2943
5511
2728
2361
5845
8675
9432
6477
4306
1785
8857
5059
7251
6197
4956
6052
5516
9814
5658
423
4410
775
8086
3346
4627
4512
1794
6090
6111
3536
5312
1949
6780
4089
1666
2765
6872
9779
9317
5891
6345
2219
5816
8107
1504
2195
7959
142
8907
5662
3912
6368
1891
7061
6209
3305
4688
1008
746
1764
2001
3607
8435
3334
750
7852
5994
1802
1330
6453
3706
421
5437
9101
2693
1073
4738
5155
1988
9498
7869
2665
8819
3022
6010
265
9745
6699
673
2619
3929
5162
2830
7958
459
9655
2850
6776
6845
10133
6055
1148
9324
308
6004
9588
1315
6654
3673
4091
7768
8743
1558
4256
7899
371
6274
2251
7660
6061
3609
2026
886
131
5222
2027
2983
4062
3245
3971
9930
5357
8665
6227
8855
1036
1893
4351
9043
139
2624
1762
1969
3759
6584
9538
2573
5956
10095
873
3624
1369
8137
4687
6916
9807
8079
1961
3921
1873
5960
6214
9936
5738
3187
8858
2951
2023
5626
6317
5060
7606
7490
2427
9279
2155
7323
6423
8630
6033
9698
1488
2093
2060
5335
10209
259
4449
10094
8224
6116
6127
7514
383
7452
6201
3654
623
6689
6881
837
5454
378
5587
4531
5279
8382
2886
7947
3158
2062
2448
8848
8413
6511
5415
3104
9806
8378
2490
3548
1383
9914
7951
8200
4621
2782
2289
9053
4747
9181
1146
6281
7105
6216
503
242
3294
5525
4662
284
4635
7621
53
3316
743
8113
3946
9259
6506
3927
10189
445
1674
2788
3435
2237
5584
7045
5371
1747
9686
3272
9621
1502
5750
9220
9775
10225
10107
4043
3221
1664
2043
2131
7219
5359
515
10006
5612
3024
7623
7709
5308
3925
6109
6605
5546
8701
9665
9406
7637
7938
1899
10257
8471
3348
3262
3174
8965
6015
3383
2639
717
3229
2006
1866
6868
6878
5227
6031
5373
678
4368
6278
5388
8968
862
871
3945
2998
9728
5467
667
6927
4433
9270
5132
5657
4645
8233
4447
75
7952
3798
8108
1915
7724
7408
6232
5215
8268
8054
4593
9589
3770
4114
3836
5986
8749
9116
4988
4835
2525
1919
8326
1349
9638
6315
155
10021
1284
3777
2695
1623
9035
4225
8567
9773
737
9092
479
8800
2497
5446
9790
980
9639
9695
3958
4386
8025
7418
3502
3140
3376
5459
6574
8231
4498
2037
1497
4736
5552
2336
7179
9620
4327
4012
7987
4166
1746
2036
993
455
6243
6452
4263
9719
558
3044
7675
9376
1593
5107
3750
4751
4685
80
1730
3547
4445
8001
5603
9503
8422
9419
9443
4182
2887
3596
7763
39
9780
4742
8510
6407
6911
1653
8434
2198
8314
177
6158
4625
5949
6632
9616
8486
6448
5278
10161
1113
7183
8225
9709
8223
7337
4213
7000
7059
5530
3740
1069
4544
4859
410
8070
5300
6183
9877
7926
24
2780
6280
4938
9147
3848
5447
6972
6591
5811
285
2199
4713
9481
7556
8620
10039
1837
925
9356
4302
5026
4281
8003
9308
4779
4580
1299
8307
4957
1898
8530
6425
6402
2787
7365
8091
4905
9088
555
5113
2513
2954
9627
1905
3891
9167
2578
6003
8272
7894
2833
4767
3353
2891
9501
7034
627
9146
1293
3357
3182
7379
4434
5934
3781
1051
1588
2838
6294
3194
2442
9642
2872
807
5208
6659
9782
2955
1061
6619
781
1101
8570
9633
8470
4382
718
2300
3204
5696
240
9614
76
9074
8774
6410
8119
2425
2313
7210
9475
6978
4884
3310
5076
2258
7265
7153
1492
4981
5246
840
137
8439
6079
4641
4228
4744
1011
3965
8122
8408
3568
3895
1791
7960
427
9482
2249
7204
4160
1469
3905
3209
8621
9553
9276
6793
8684
3395
10035
597
2655
1466
7576
8584
7600
8807
3282
559
7095
938
6005
7080
3057
662
2387
3746
8928
1992
6382
8364
5460
1264
8552
1945
6099
4563
8504
9237
513
5538
7551
2182
8990
8401
5721
2730
3514
6270
4692
2440
4828
10273
2808
7451
2796
9634
3959
5086
1987
9534
7904
5376
1434
8834
8596
4717
4082
9272
5984
8840
5709
2804
1506
6882
3524
47
204
7322
9271
2988
1196
1871
8397
8278
680
10194
193
2394
3704
9819
7012
3998
7332
7972
9957
3745
4546
10278
419
7124
5693
2859
10143
3955
1219
8952
5302
5154
322
8300
3493
6128
3649
6217
5135
10265
6806
1126
9679
5570
9379
9734
1740
9962
5653
5846
8433
3997
4235
5519
6261
141
5069
2165
9105
3581
6673
5411
9320
1627
6785
4672
1244
5955
4951
4077
1338
263
561
4425
3584
8380
6809
7041
711
5033
4868
3066
7168
4724
3616
8766
3996
2707
3883
9031
4768
613
3483
1047
1586
7708
7794
5618
6428
6942
5731
8404
9346
1391
6337
1718
6355
8135
8668
7345
4415
3236
4875
6529
292
2851
3043
6887
6251
7552
9694
6865
5080
5675
6348
10068
3381
8305
3863
4927
7813
10251
7780
7186
6713
2629
6478
9535
6431
302
1925
8830
6444
2634
7933
2713
3866
3531
2705
1194
4815
2546
6475
6666
1686
422
7523
7241
6084
3587
7257
9418
8877
3684
1999
2402
287
3496
6097
4047
5048
2332
3387
675
2368
6045
3235
1635
8097
6833
6649
9619
4179
10248
1538
4962
3951
9657
3081
8349
1190
6329
8257
9769
6024
8495
2632
4817
2057
1125
6016
3339
10148
5728
5528
2430
6633
8262
5103
10245
4311
4347
1017
4501
1775
7858
7165
3231
2312
7218
7628
7458
7742
7979
2285
7993
1774
6704
5428
10108
373
7527
7081
7980
9847
1913
10072
2357
5423
9051
1122
2509
3426
4797
6773
266
1412
10191
560
5465
5798
7883
3956
1132
4265
1652
857
70
7416
3019
7465
7140
5754
7854
402
6835
6333
7488
5769
8242
304
3954
124
5402
901
7962
6757
2966
9677
5201
500
1092
6781
4194
3820
8167
10275
3060
9943
9923
8043
8469
4147
9585
6579
3400
4547
4054
3047
103
9188
4711
7474
7326
6013
3114
5383
7294
7978
1026
818
10004
5024
9543
991
9997
10207
8235
8628
7328
7491
7330
8020
6525
614
5911
7718
10264
3278
1176
3935
6964
5366
2646
658
6074
2927
6708
4636
8547
2444
3599
3389
6899
3871
2164
1161
9531
2499
7285
1213
6582
9872
4746
5258
2958
3397
10040
703
10058
9970
4177
7758
6624
2345
3773
6120
7522
6859
4403
5127
7824
7028
8096
3363
9840
7714
2727
6363
858
3898
8847
3529
5018
9740
3155
4602
8769
6875
3356
9523
3214
4788
8376
2892
8791
3734
1056
5089
904
762
6293
3606
4408
9505
4400
6038
1950
4898
7231
8745
3279
9082
1285
9826
7649
5
2481
6563
9258
212
3518
1463
8384
7977
10110
6393
9693
474
7145
2364
5111
2773
4154
1373
8493
2656
9613
3687
7650
4773
2956
7806
104
6542
6779
533
2272
773
4003
7187
10175
3297
6851
10048
6291
7838
9855
6092
4901
1130
8718
553
740
2019
2843
6029
3856
8740
9223
702
8586
5099
7868
1575
9230
6376
4090
9200
2789
192
5988
4922
8264
7178
7611
1503
10158
6202
6180
5474
6157
1357
1956
3851
2167
7706
2946
5263
9937
1179
9389
1765
8750
3682
3850
2762
6740
2432
981
246
8956
1018
7480
3611
9318
8537
2692
7297
4272
9777
1535
3396
2710
9273
9946
1692
6277
7814
8254
1329
6687
4782
1630
8560
8724
3099
6175
250
4972
6600
1405
2108
7055
7546
6515
1814
3156
5756
8451
8067
7047
10160
635
5102
6577
1103
2915
9388
9971
4728
1004
5339
5007
5985
9972
9830
8463
6735
8523
7769
5296
7201
9788
5522
4137
3701
7267
7447
8853
2110
6285
136
4903
6035
2034
4248
7293
1149
2974
392
5082
2208
10141
4291
1768
4799
9767
2880
7215
1499
10159
5252
5853
181
1320
3450
4205
967
3643
3833
4816
8077
8689
7939
2863
10096
9052
6587
1065
8478
8829
9257
7031
7021
4429
9064
7513
10091
6314
9899
5386
7721
9841
10259
867
4628
6441
6233
215
2687
9364
1087
10118
2688
2617
4974
7593
8966
2555
7394
5550
1003
3243
1294
3384
2310
951
1395
9897
5993
2523
9703
5819
2122
4298
4823
3620
8685
10069
2781
4784
5196
7156
4464
5948
7519
3839
7507
1084
10267
1309
3224
3882
4246
7555
268
4845
2751
8125
9380
4796
10165
8075
3169
8729
7203
8458
7005
9981
9630
4023
2104
9150
8445
4944
8667
7778
5801
5009
8915
100
5628
1583
2500
9018
6734
6694
2747
861
3618
2769
9440
6349
3447
2948
8751
3669
3847
9646
2063
8535
267
2565
8359
10237
7591
4416
2658
4991
3846
73
7549
5336
10024
7533
8087
5872
1978
8989
7130
3892
1637
4055
6403
5341
9833
7419
4438
8568
1259
3751
9828
682
2697
5702
3700
5410
3807
5951
1850
7700
8029
4785
9569
2154
98
9519
6324
9724
3213
408
3146
7213
497
2283
8845
6977
1158
1367
3018
1546
5442
5898
9772
7676
5920
7941
791
6326
1711
4022
2160
1602
7691
1000
4569
7584
2674
1468
5880
2390
1840
6173
6141
200
9448
1465
587
5916
9323
3647
9635
446
37
2278
2567
2592
7459
9393
9938
5275
704
1812
1938
9983
5187
8459
5093
4915
1055
8717
10031
8581
3321
6176
4380
1943
2012
8394
3338
7148
1793
6154
2957
2415
5741
1748
1431
4153
7377
1787
6910
10011
5015
5494
6483
6603
8899
4002
8110
1955
3335
1842
6129
8920
3089
1323
7085
1693
933
4996
9542
2445
786
4346
2828
9692
3913
5589
7819
10033
8308
4025
5680
5194
7030
5233
7559
7136
5527
7539
6302
10042
5064
8229
9502
5205
8619
3061
5090
8499
2694
9217
2170
7760
2085
4469
4217
9545
2719
3251
6890
2344
3127
8065
4444
3365
4754
4914
9529
4211
9375
1263
3786
4805
9023
1743
8144
3035
1576
6993
1333
4887
1965
2475
7366
6805
3160
6073
3276
2181
8452
4436
10038
9999
3626
9327
4888
8821
7074
9100
845
7598
9912
7197
9761
1271
5287
8101
9071
9922
9874
2784
2391
217
6918
3148
7923
1936
8241
5340
1855
1059
693
1815
2814
3973
4524
8692
3202
2823
3446
6311
74
7999
5270
8914
1616
1170
101
4125
3563
7160
7342
1568
6229
4740
9625
9297
9164
8947
9805
4074
5590
7903
6066
5116
5100
4734
2638
3457
3559
5075
3373
9697
8576
9988
3055
8934
3349
932
6783
6733
6646
4187
2072
3678
8283
10111
2205
7786
331
7574
2206
3858
6496
2866
8512
8592
1706
9103
8240
4001
6113
2212
6273
9467
9582
5321
344
8049
7205
10073
1335
8338
5964
5324
3523
3837
6030
866
1767
25
6335
5981
8832
57
9818
6416
2540
710
6691
4385
1039
2077
727
5180
4031
8565
7918
8260
6083
8722
3425
9282
5433
7445
8511
9547
5970
3538
9958
2795
112
997
4699
7051
4072
6265
4647
2905
6628
2561
3093
7174
191
8034
9737
172
6663
971
5751
9351
374
349
1242
7567
1645
5847
10126
4295
8487
3129
1513
1305
3712
10101
8609
1272
6795
640
5539
7310
9927
7745
2056
9864
7390
3920
7968
135
2375
1248
2307
8464
982
1318
9661
463
5400
2343
1049
943
8827
4638
4118
6014
2979
770
9033
10001
8293
4804
1257
6670
8438
2604
9747
3411
7730
5720
9163
9861
3101
1100
6151
4110
2571
4349
3311
7572
7192
4535
472
6664
8825
5488
9968
7538
3874
523
1574
636
2968
8957
5353
3390
2906
7453
8693
9316
4704
3132
7089
689
10171
6091
223
2609
1882
5453
1453
2563
1205
8789
7863
9402
7872
1210
7163
4663
683
6283
3503
4702
4352
10087
7495
7464
7261
1348
2865
4745
6334
7125
7964
3452
6702
8559
6488
62
2588
2874
5752
9700
3410
4227
1269
1216
8636
8154
9786
7749
1776
9685
1573
2035
9113
4156
4350
9931
5323
3977
8707
9662
9229
6816
8004
1143
5777
6471
6965
65
8211
1908
2114
2374
7636
3085
8337
9705
2649
8199
8156
2817
4714
8411
5630
6451
8902
9264
1232
5049
6677
6445
9508
5663
363
2156
3995
4431
5225
7369
753
2109
1545
8473
9340
960
957
2281
5711
4837
7565
280
61
4304
1178
527
6929
8140
8870
6497
5936
3572
3118
6820
5443
8522
617
9714
1451
4502
6347
9762
2917
3437
4876
9816
6121
3090
2931
9246
3632
2896
4814
9460
4013
4203
3878
4500
6723
6892
5850
1655
1433
1580
3911
9341
9576
2191
10034
3013
8266
3222
1397
2947
5477
2190
133
1720
5837
6145
7363
7290
5394
2768
6857
4896
9708
1772
8747
4894
1874
6130
1705
9415
3343
4513
3295
4353
2678
7357
2766
4358
7677
3901
2501
9302
2739
128
5818
3677
9197
94
747
3660
6080
2772
4214
7811
8518
2294
2607
8653
5666
6629
3796
6706
5863
7505
1657
8671
10078
9801
1379
4678
7343
5685
380
6953
7784
5534
8095
9598
794
5992
3766
1381
4032
7482
4632
315
1159
3635
4257
4280
5023
3938
7150
5479
4120
1889
3404
7940
1524
4016
7277
6249
4026
5393
2065
5175
814
9702
7942
4911
5780
1997
7336
10147
543
6495
9283
5177
4860
7079
2157
1277
130
5390
7963
3710
5501
2963
1456
2885
9401
5293
4158
1632
6018
9641
4519
4417
6513
3645
1452
6802
6830
9274
3540
2058
10179
865
1067
6327
5651
10272
3994
1712
6553
3394
7375
4970
2265
3382
1883
5783
9884
4278
8569
5781
3010
5648
3476
4916
9489
3525
6356
10012
9281
609
4523
6118
4323
1165
509
4193
9344
2002
6748
856
649
6464
2341
4992
8842
2316
3000
1467
7206
3193
5473
1818
4772
1563
1661
3123
4426
1604
4624
5053
7888
9527
4955
153
10149
9251
6807
8076
1075
1790
5472
4750
10192
772
6834
7564
4134
7907
3699
2331
6181
3078
9720
7569
9202
2189
9336
5014
2044
10140
7424
8542
2286
8287
6760
469
898
8456
1460
2174
5066
8882
1549
6521
3052
9649
1828
8633
1639
3444
4010
5017
2611
3454
6695
7191
3558
7887
4597
401
3988
7280
2670
7238
2038
5031
9990
874
9906
3844
7897
6147
9081
1450
3030
3377
1045
2819
10226
1928
1528
9944
400
2754
7878
1236
6460
4234
7666
5404
1217
7822
3823
7252
7686
9304
4869
7271
1401
4334
6879
9688
1088
10227
8066
6328
2517
4111
3268
3583
2434
8563
1581
9209
5002
452
2991
5930
8657
2671
7759
7429
567
4763
5965
2615
8525
35
2815
2953
7386
1595
494
844
454
9984
160
5261
5422
2622
442
7139
6679
5764
756
4102
9604
4530
1851
5545
6028
5032
9068
7049
9172
5695
7627
4056
3655
1974
188
4287
7635
4539
5438
2831
4929
2246
2760
7270
2836
9824
8854
8274
7785
8379
959
1090
10212
908
1514
1906
3982
4019
7694
3679
1629
8531
8918
9900
5240
6810
831
524
9650
5573
4966
7292
3790
10200
5004
7508
4276
6583
4282
6771
5624
2483
8781
5326
2371
9546
9034
9080
10222
1998
764
7795
3475
1376
8688
6104
1699
4614
5234
8189
690
890
6555
2253
3247
4017
7970
8562
5331
6546
6712
9644
2209
5950
1678
6903
4174
3662
8
10228
1445
3966
576
6920
9789
429
7485
10008
5509
10255
7578
5077
8887
7588
9878
5498
4657
8804
1719
9160
1339
1931
95
1680
8896
2468
6046
147
8884
8423
2657
9453
8219
6567
436
6951
6466
211
3658
3253
9687
1708
7040
3474
1817
1620
5990
4990
5757
4266
3774
10150
7954
3608
1404
8497
3828
7052
325
5997
10155
5131
6077
3133
8828
9796
3915
2126
0
3975
7214
5706
7308
3323
6576
6688
1619
7646
7821
8426
7436
7610
10120
10247
4441
3562
9205
8181
1788
9636
8060
5079
2824
6439
2647
318
2081
8999
9446
4454
8251
2759
354
1495
4721
7376
3153
9811
9114
5795
440
5334
7123
10204
6446
194
9048
8227
5370
8505
8073
4762
2698
2084
9551
2094
5746
8583
6919
140
3758
3473
6561
8673
3355
4487
4307
2882
4764
10229
3083
1671
8252
7281
4528
3812
4910
2009
985
1470
9006
9416
9263
7325
651
1673
3399
2280
612
5670
6253
9136
52
6606
6332
4294
390
4068
7805
4457
6728
1918
4716
4976
7756
9073
1289
6912
4236
7681
578
7373
5691
1757
6159
7673
5973
7371
1555
4297
8643
6719
2429
2039
10102
6763
2686
6241
1690
1615
2082
9666
7072
8708
8540
7307
3254
281
8500
4871
2984
9683
2150
9132
9459
182
4075
7953
6904
365
4373
5144
7228
4437
3388
5659
2663
6895
9491
7137
713
3290
7423
6862
1319
4326
2436
7775
7826
9722
8810
7889
1020
5094
361
3552
9544
1668
9743
2937
8944
9898
7837
1551
6909
4954
6544
1534
6975
8363
9060
7689
5484
6658
868
4989
6503
7104
7728
6601
3549
1522
4928
5759
3752
3585
7039
778
1152
10270
5839
1571
6589
992
1983
1594
8863
7945
7147
2471
1640
9742
2749
6661
7182
9472
6866
9148
3714
7642
9166
7774
9248
2783
9577
3614
3237
3328
9890
4570
6505
3255
1089
2330
1736
6387
8275
5118
2383
8145
5295
9391
4752
8239
7930
3861
5766
7440
7314
5125
8709
1806
5372
9131
5364
5251
611
8933
8129
8543
3313
6036
6330
3005
8631
7143
6087
6110
4526
1531
6651
3008
9266
4312
6208
2867
6822
4819
7119
7719
116
870
2115
5567
7693
8331
847
9525
7827
6788
7687
5043
4076
4890
4050
537
8582
1683
9552
8962
6468
7483
1440
3985
8941
9377
5114
9335
4605
1996
5763
3575
5179
426
2105
4719
9727
1274
6937
2928
6246
6541
8903
28
9040
1480
10146
1393
1034
2959
7076
9253
485
404
5457
1557
6569
1926
9752
394
5690
9729
5921
3455
3676
4121
5635
7430
7602
4505
813
4706
893
1118
2970
6269
17
2021
2339
6597
4979
5547
8528
5105
6276
9125
9560
8436
8698
1074
1325
3375
1245
6613
811
8556
1072
10030
8319
176
8618
4314
6604
2426
6745
8250
9640
7064
4066
2673
9321
1907
8775
2406
5634
1012
4080
6065
6037
2848
6976
5164
9422
2504
4809
4060
9382
1937
301
2932
6449
5910
8420
3284
1754
7859
2171
348
2169
8802
4218
7831
7848
4020
3271
6414
10196
9626
8634
5265
7631
9955
10183
7301
9065
7712
7773
5486
972
722
4171
7876
1702
1808
2606
1800
9221
2715
9
5824
5857
4998
4935
6598
7025
1527
4521
7216
7420
2570
7890
6896
571
1770
6960
7014
6774
7372
1182
2454
8334
6377
9809
577
7472
6390
3046
7633
458
9601
1361
9267
5503
568
5425
1188
820
106
4969
9880
8532
9289
1459
5671
3648
8625
4491
417
9750
5745
732
8385
2235
1941
2711
7157
6837
7275
9141
3842
8803
4960
8390
2777
4042
6146
692
7750
8111
7224
525
1016
9618
2978
5139
1262
6823
2381
9322
1141
6680
897
5576
5247
7209
712
2700
4986
3509
6012
3312
1255
3464
386
4284
1509
4695
3374
848
7924
3
4365
8350
8446
7563
9660
3497
7771
2914
4209
241
5888
5957
4176
937
8711
1942
1967
744
2059
8281
1462
7069
2091
7526
3130
741
7217
5268
9484
4167
1050
9165
10029
3884
3361
7604
4727
1713
4387
3886
4376
9353
671
6434
1897
9631
3405
3296
2774
4893
8526
3589
9921
111
9371
6681
8261
5084
4279
2192
2029
511
8157
3178
4253
4448
4495
8391
1797
7711
8361
8258
6930
4899
9886
4370
409
245
5621
9869
10151
1981
7492
9749
4499
8826
4389
407
3588
5682
5083
3111
8975
2734
9182
2435
10231
1425
1612
405
8913
6007
2010
3592
6456
6990
6248
1665
5592
8997
4800
7410
7498
8367
377
4422
8985
3668
8370
4595
6058
8714
1203
2901
330
8646
7171
4909
6481
918
2304
3097
5747
1123
625
5864
4872
1091
3553
1500
4439
7752
1029
1421
306
7473
3181
6761
8591
7587
2746
7731
1548
782
10016
8028
6611
4703
5110
9234
8529
5636
180
9046
8871
6500
1709
5495
2864
6040
8216
9091
143
2620
3528
3508
1249
1396
8606
1419
8298
10281
3923
4975
1124
7532
4141
8482
7892
3121
1328
1046
2397
230
739
7777
3004
9137
9977
9978
2675
7535
7906
1763
2612
3223
1370
10074
8936
1707
3480
3072
8277
2847
2138
8551
7101
2537
1801
2940
3173
2595
2276
120
7943
5012
3630
2852
575
3577
300
480
1804
4486
4587
10055
2502
8467
949
3683
8038
1530
1924
5554
9976
7131
2216
5915
4676
2486
2964
7685
733
6357
9965
1221
5544
3309
2018
8372
4578
8440
8295
9093
4576
8661
8155
8795
2092
7613
804
2016
4743
835
4184
9284
6336
8270
4952
9539
642
4481
6289
8407
5854
6213
7327
1566
4216
6114
7802
610
520
1106
4014
686
6749
4798
724
5932
10198
3151
10105
4000
50
5420
1904
2952
7479
8588
261
8759
2392
514
8938
10233
1651
3478
8612
8124
10197
6123
1322
2117
5172
5067
8255
2971
9397
6305
1297
3280
3031
388
3277
5506
7682
9902
2250
3917
4122
4230
8296
1372
3736
7230
606
8520
2238
2048
1258
9917
1110
4937
954
3350
2899
159
6580
8538
3372
4881
2888
6365
5966
5998
6876
3573
2353
2894
691
517
7920
5809
3791
2225
4401
8836
4689
1734
2457
2403
9915
9004
2369
3612
900
2102
769
7690
6167
6443
8812
6758
3258
9199
6470
4847
2096
3753
7276
920
5631
562
10083
3402
2840
8132
3017
5497
8006
1458
10086
3631
6469
5418
9731
4220
1239
7402
8127
7306
3422
2621
5451
9395
5927
8358
468
6166
6954
86
4124
366
202
10163
9947
5104
969
1406
8951
1784
8974
9469
327
9366
7102
7142
5463
986
5807
5195
8911
3726
4028
8323
9940
4917
8867
906
8738
3009
5762
4582
4202
7185
5681
1128
779
10062
8976
6075
882
7783
6824
2635
838
7571
8860
4465
6461
851
3838
1968
1273
3159
641
7127
8160
2163
2721
9079
6409
7570
2098
6967
1617
4105
8286
9177
3859
1833
1215
2240
7830
6247
9444
498
9145
10137
5772
3532
1306
3149
7181
2419
8187
7334
8988
6940
333
4428
1411
7170
5902
6206
1739
2277
3642
6932
3748
216
9310
7311
4843
13
9399
6268
8311
757
1407
8019
8809
8290
6501
2890
8371
4643
5355
863
5013
8573
3984
4924
3511
731
1114
9425
9345
1809
4084
4232
6366
8389
7562
7355
6465
10177
2926
2360
7222
2315
2473
2370
4565
7177
2446
860
10014
8472
1344
4142
2818
10051
7861
6032
3325
8040
6051
2860
4340
5894
5557
9707
9867
5496
9374
4516
8424
8094
501
8320
9059
1316
2545
457
3451
8247
6621
6170
9117
3248
8736
1596
1912
2648
3150
9457
4651
7264
4355
8259
8954
2451
3442
8289
5632
6319
8895
4630
9834
9299
3421
8489
8466
3693
5664
7026
4260
3131
5068
5298
6660
4087
4044
4446
1532
5000
87
6093
3074
5639
7417
2478
4697
1086
10188
3743
6747
3269
5938
8943
8481
8550
8163
3117
9726
8650
6727
6873
2288
1614
9108
4139
4964
961
4273
5871
6309
370
1579
10220
4345
7579
5314
4397
4450
5051
6843
2135
2793
6424
8173
4581
391
10124
1168
2306
254
5455
6547
2581
9435
720
4250
10013
59
2875
1144
72
488
2224
2424
3937
3870
7232
1312
7796
8186
5615
3810
5424
4942
5943
654
6346
3218
9008
6817
4067
8017
5098
4504
2492
5717
3420
9325
4920
4774
6117
8725
5806
2550
4877
5776
10206
2841
4092
10103
5165
3784
9696
3690
9056
8166
6565
8232
7843
7260
4690
6710
4164
6322
566
3227
3986
9194
8891
1539
738
8927
3527
8046
8835
4681
8893
9212
7905
4366
3817
8058
824
7046
10052
3288
864
4857
6618
8196
6617
6750
4557
10114
1884
4065
8479
1117
8713
6585
8484
8770
3881
736
9159
10152
1607
8118
4489
9157
2470
9228
8515
7793
7196
4571
8387
8703
7662
9609
1414
10047
1519
6973
749
10010
4926
10017
1597
1193
3853
7695
2684
8123
4192
8263
3051
4381
1252
1755
7461
5493
3176
5106
3603
1489
203
7497
2691
8249
4603
1096
7732
2653
728
4622
9019
298
4771
4667
4777
3670
6458
6732
41
3354
3267
7099
4259
4803
8245
3183
2577
7198
5381
9294
6237
5392
3857
1133
1331
9532
2742
5019
5873
10061
1230
6088
1343
5151
828
5687
3940
461
2832
5273
8002
6149
7754
7478
1721
653
7652
2498
1198
5601
7062
7659
8813
734
5595
4863
2676
4161
3512
2222
825
8244
6474
7949
8690
2918
7665
6586
7002
3744
5802
9439
5540
4780
4886
1292
5834
539
905
7398
7516
3170
8360
4391
7577
7560
1570
1600
7982
309
3103
10185
8601
3716
1174
9021
8589
462
9096
2785
3570
9934
45
3053
276
8593
9151
317
1112
5146
9405
10028
3747
274
4555
7107
2228
233
4186
8447
823
5085
4264
109
4362
5202
7098
1163
6554
776
6238
1982
6969
6212
9748
7405
2437
1717
2950
7558
4015
9513
3471
5378
5810
6800
5686
4354
681
8494
3082
1900
5235
5047
9918
321
6516
20
1063
105
2220
3431
4478
8083
3546
5622
5959
2028
3721
3722
1564
9668
11
8649
620
9799
8082
10045
26
7411
151
4673
1033
5345
9948
1001
3822
4432
5831
2103
9570
9449
6060
7699
9559
5933
3050
6534
3703
8594
4997
1658
7409
9950
6089
8921
3968
2857
8310
5865
4503
9590
9862
2053
9654
2682
4162
3040
2282
4985
2488
853
9667
2311
4760
2659
709
9567
4730
437
5367
3463
7347
1424
1303
9070
4684
7873
4296
9332
6984
10213
482
6489
5038
8792
1544
5512
6671
4968
1901
2519
4801
9087
1887
8234
3498
7388
7320
411
9003
1796
9265
6959
3521
6784
9095
5814
8577
5963
5143
7188
1416
9039
4507
1028
5678
6638
9169
9909
8806
8516
1973
4694
1058
8948
4048
6917
7432
368
8572
8955
2366
5804
5813
8731
589
6874
7091
7815
197
3489
4393
2995
2007
4126
3232
9203
5771
6078
1543
6570
2320
5039
7583
2898
4943
8328
2800
6540
2372
3210
9427
1111
4918
926
4289
6549
9077
6399
5524
3347
464
1441
6367
5189
144
8553
7996
5646
448
1428
1156
93
7737
2070
1
2641
1628
4494
1582
3539
2897
3401
5065
1835
532
8185
3696
8610
5793
5072
1845
5417
6169
1584
9561
4978
7986
7743
5767
1432
8238
8566
8753
540
7612
9856
5848
6071
1024
134
5922
7871
162
3490
4300
3215
3385
9812
7849
3519
6112
5403
1621
1304
8152
5627
9139
4934
5856
9903
8480
4112
4053
9497
9996
7268
9595
2354
8898
2259
8030
8450
7643
4364
5792
9629
2355
2333
1155
3809
3226
4420
688
4756
3665
7911
8640
1184
2396
6518
2552
9804
389
8395
7286
8042
5895
3949
7950
4097
8931
2410
7674
2119
2055
5456
5784
5833
6096
10262
5204
5860
7740
629
4822
9420
5419
8811
1021
10205
3367
6318
9882
630
7300
9429
8604
10166
5835
735
3139
7317
4749
9733
6625
1501
650
1218
339
219
8557
8444
7808
161
4811
8023
5924
3855
9412
9682
4341
8483
8598
7975
8905
3112
262
9537
684
6162
2377
5401
8018
9097
5360
4305
4404
4288
9883
8519
573
32
4336
6222
1093
6683
793
832
9556
1854
547
8114
320
9455
7256
7158
5333
2503
9295
3281
5379
6982
7138
2075
1677
4371
5046
8894
5126
2322
4130
2089
424
8996
5787
3453
6299
6913
8013
5280
6342
2166
9133
9571
1476
6430
3792
7378
591
3307
5674
631
6218
896
2213
22
3815
4735
6721
6631
1181
3100
4759
8210
8133
7135
4698
7928
4316
295
7640
2173
5375
5073
1013
5536
7922
2069
5356
3623
767
956
5166
3735
10211
941
2834
3398
9359
6645
5978
6902
7057
9735
1183
7075
7352
1341
4466
7841
9945
8644
8716
4661
5558
6791
2329
3641
7433
1099
4558
7212
1523
5569
9574
1491
2812
5515
502
4369
8315
3550
6838
4363
7037
4485
4198
8044
9859
10115
352
1015
9512
9985
5614
6523
6616
9126
8393
5886
645
7524
4820
7898
9717
9358
9303
8147
6685
6282
3793
167
7387
3571
8184
8202
6396
1147
3541
7176
5147
5435
1954
1037
6499
5354
6256
69
6101
6009
9888
7427
154
6043
1759
7528
6340
1745
5610
3604
1166
8597
4568
10190
5656
8502
706
2753
2139
1429
3096
4459
9161
3380
1994
4144
9564
2158
3143
2175
8342
9986
2214
7537
4626
8072
6242
175
7966
3629
471
1822
5291
251
3070
3124
9369
6581
3466
5737
8622
4812
7282
800
7109
10125
8325
1993
5458
238
8170
7067
2879
2526
10023
6001
6612
4085
450
5050
7882
7115
8536
9868
6380
2045
3293
9632
6150
3487
4423
6956
2144
4155
2786
7601
9456
2853
6140
3102
7515
6454
9892
4634
2982
6756
6849
6588
8089
2460
9385
6339
10002
6174
723
3595
7338
2152
8356
9293
6422
3165
8143
8949
8340
6814
10221
7446
5893
8801
9055
9156
1611
5739
4654
9057
9870
3800
8117
8702
3691
2708
4113
1610
2003
3034
433
3983
8983
9208
2961
9778
2583
8228
4157
8694
7757
7274
1626
252
3001
4378
7688
5361
9808
10079
1921
676
8663
1261
8782
9009
4923
1209
1375
5743
7288
607
6968
10100
5307
2757
6737
2194
10065
3020
5211
477
6517
4680
5040
1204
3804
6650
803
780
7874
8926
4058
3942
5058
1435
8402
9764
7825
6125
1352
8134
2798
2520
4874
4950
5698
1675
10238
8824
605
2290
1121
3657
7735
7603
995
7431
2568
657
4855
4379
5030
5081
4247
9384
8995
3932
5707
3303
9193
6966
5485
310
2496
6191
5091
8721
6479
8345
3909
9562
6991
4900
6836
7607
9110
337
2778
3198
3465
9368
931
2758
5173
4982
2809
1461
6369
5513
2020
7364
10215
9974
4806
2696
7180
8599
4532
1867
4181
1442
6447
2825
4399
7249
6558
6134
3718
6944
4239
3826
887
3999
3228
5851
8613
6786
2558
2148
3289
110
719
5169
2902
8021
4679
5041
8642
10244
4889
6572
3621
4959
3814
1875
7625
4776
9300
8608
1387
3933
2487
6522
6295
7359
1302
7534
1418
914
4562
8784
6165
5431
1872
6897
4818
3897
9454
5609
2005
839
3106
8788
1475
9821
10186
8930
585
2645
2469
8733
277
787
1362
3930
2107
150
5532
2835
4665
6288
4251
5543
9517
5585
2794
1224
4885
2095
9839
4575
4258
3653
3286
1766
8683
5020
9951
81
1710
8206
8115
4853
6905
340
9017
2420
9907
1916
4542
6538
5120
9085
4488
2763
9684
499
9038
8237
6607
2462
1235
6955
3071
8993
7561
911
9058
5724
6736
9013
7512
9365
7340
4384
2861
2672
3274
3086
1173
9306
5581
2188
6310
6796
8265
9473
9242
2423
8230
9836
5363
661
4421
4398
5434
7027
8164
5200
3115
5229
7589
4041
3953
6063
291
3639
5140
10049
5409
2630
3163
7011
2227
9187
1917
1377
4564
5583
8541
6536
1171
8269
8946
9496
8175
6220
2981
7121
8763
460
7450
4963
3551
5362
8273
5284
5254
4204
9476
3854
9477
3368
3119
4143
588
714
536
10156
8652
2738
5176
121
4802
9434
9098
6086
7925
438
9823
798
9245
7582
3137
7100
1308
8016
8355
5607
2564
4870
5193
7113
9905
6510
7842
3865
2524
1060
7835
1127
4834
9680
4848
1948
9410
7406
91
6608
996
1659
2168
6486
9485
6698
9979
5768
9871
3803
7553
4035
3675
6325
2074
3220
7068
7944
2903
1160
8158
7880
8421
9991
7003
10162
615
397
5708
2413
179
189
6676
8912
4011
5866
7221
9231
9615
5464
5555
1448
3840
2770
7540
4522
8757
8100
8883
3941
5198
2735
9222
2458
2895
478
1253
10279
9699
5416
846
8047
3819
4718
9277
965
6266
5054
1052
1283
10041
1733
272
4007
4710
3333
2083
9895
3298
3702
1783
3240
5941
2720
10121
5836
7710
6115
1151
7335
521
1040
7605
8055
9755
10076
9050
7066
6864
7082
3522
5305
3147
6440
8639
8203
4342
531
7248
10070
2149
5128
6457
6384
4170
2111
1852
6855
6054
4372
789
4577
9575
5070
2279
5330
7302
3789
9664
4317
7641
6200
10246
7313
5244
8399
258
7684
6568
601
5444
2325
1577
2745
1295
1977
5591
5778
4361
7167
3919
10077
7715
2201
8284
6026
9134
8923
9286
7803
9089
4600
5900
8869
34
2893
7316
3433
8375
9952
8672
6050
3526
9130
9090
6883
6223
3122
8765
5343
7725
1192
1777
6596
8939
4705
9515
1838
4070
6064
6921
8874
4846
5596
5159
7499
2365
7428
4117
8057
4594
7084
7108
1389
7776
1729
2076
5890
465
4049
8179
1672
7525
8177
1120
1374
889
3336
4406
9797
9628
2985
4268
5327
4046
7050
1025
7250
1169
5715
4045
7729
5427
644
4973
5726
5887
4686
748
5877
114
7504
6017
9995
2980
8548
51
4183
3079
2999
4611
7885
5470
5588
4913
6235
9428
891
9171
4195
6941
8794
6753
2900
6901
8405
5677
4490
6059
6081
4473
7992
4856
1646
6189
1991
2849
5294
5115
1603
1752
9262
5700
3025
7463
4095
4133
2323
3062
3542
1077
5638
1457
2664
2004
8099
1227
7448
4599
9563
7609
1857
4707
930
6952
4299
5439
2801
432
1735
8710
1186
8629
5158
9894
1417
2176
6271
64
1080
7087
1547
7543
2275
6936
5489
4851
123
208
6974
2536
7955
3893
9835
7486
2147
2731
79
3782
7007
7850
8691
6672
9285
3794
8715
9691
4131
4165
6981
3242
214
5582
6825
5035
6262
2146
8282
4590
5349
1157
5642
7245
9127
5716
8457
563
9583
8008
1356
8217
2714
7385
253
8656
6528
6682
1363
3230
4831
3011
2733
3443
3976
6022
5289
3484
8979
3320
6562
4566
1481
2518
9061
3666
9463
1714
1035
4637
6894
3566
8000
7129
2132
10170
5303
8012
7502
9798
1618
9312
5071
3095
6184
4419
9586
5899
6482
2401
7476
1911
1102
2997
3811
4243
6108
4451
1154
5553
10172
4925
2351
3023
5794
3067
8878
7211
3843
2378
656
10260
1326
2582
4650
326
10139
2384
4219
8392
4958
2389
2046
5214
2562
289
1413
5561
8773
1984
7781
1189
5623
5299
4178
1281
7653
3825
5328
1789
7656
4945
8178
6828
1225
1140
3260
8953
1228
4584
953
7739
785
7237
7262
4377
6323
8462
54
5748
5789
8036
5318
505
9672
9959
6592
5571
2040
5843
9452
2712
3069
6290
9843
5471
7862
9292
1624
3672
7035
18
3661
6847
2140
5840
9354
4
4550
5791
60
9612
4356
6609
646
10026
171
6042
10019
5232
9678
2207
4059
9020
3505
3510
4596
4607
5315
9557
3233
224
3180
2291
5906
3962
8161
8430
7957
1819
8889
36
1879
7038
3116
7921
8615
7717
7278
6398
1773
7651
582
3765
10080
1208
3834
4553
883
8712
9387
2669
88
8165
1569
3636
3582
8925
2605
316
998
1473
2347
234
7723
1731
8131
10230
10286
3507
1682
5954
4583
470
8964
8726
1841
9791
7927
6640
5867
3594
7258
3440
7161
3924
5533
1197
5882
6225
2949
9409
819
2245
90
5292
2514
1816
6389
5055
10216
5160
8207
963
7362
9032
9787
4841
4132
3723
5713
4008
4261
3689
9966
5999
8352
2559
4879
6494
3785
6204
2274
7669
6891
4912
9493
7393
5773
7349
8183
1989
4458
1744
5704
4310
8987
3088
2531
6331
5551
8476
9533
2293
6436
8417
1211
6755
1556
3873
6395
6136
8909
5727
6983
7018
7223
4722
6922
7733
9349
3175
1471
3032
8039
239
9499
5285
6994
7401
1515
4290
976
1771
10053
1703
9829
2042
6344
6211
82
8304
5212
1669
5397
2936
1813
156
637
9827
8204
5736
2868
9118
4921
8748
6178
492
4343
6388
3860
2106
4309
549
10202
3904
1590
5276
5290
6623
3827
4623
8477
7886
3456
9357
989
9471
2654
5597
822
3318
8221
7734
3345
1609
4396
4479
7240
9541
3952
3880
10180
4057
9178
8881
3513
6738
2299
5281
816
2388
8937
6928
2326
1550
944
9239
398
6590
7974
6386
40
355
9736
8971
413
5260
2408
10178
3417
6599
1667
3756
2736
7111
43
8904
8837
6637
6185
7866
3036
1644
8279
3109
3719
2141
8706
425
2431
7696
2748
6372
8561
5207
9331
7133
6778
9913
3761
672
9550
6426
2379
2741
8398
7331
4462
164
3113
356
5163
8490
10135
2922
311
6867
10116
4560
5167
7060
5517
1799
6491
1300
9558
9029
9022
3537
9347
3041
8655
5138
1137
5665
8037
4948
8318
2223
8136
4103
3713
3899
9309
2022
2337
6798
6492
3783
5413
1902
8533
2386
5149
3646
1449
2327
1846
3482
9404
4033
8033
3105
4283
7305
5109
2810
1498
3087
6143
7122
9184
7557
3906
2541
3667
3554
10088
481
1964
9470
3191
7744
2934
9784
8922
2679
5514
3567
1863
5462
9579
9963
2200
5034
5733
2443
1622
6257
6186
149
5701
312
6906
2196
2539
730
1958
4315
6537
3126
685
3028
6168
2878
1010
674
7184
7779
5414
4591
7118
5926
5786
966
7946
3868
5209
5640
226
207
8627
6888
5945
1446
